AGE00147705, [(1886, NULL, 154.0), (1887, 145.2, 228.2277777777778), (1888, 149.34615384615384, 224.32417582417582), (1889, 144.26666666666668, 220.3910447761194)]
AGE00147711, [(1886, 110.66887417218543, 227.06270627062707), (1887, 93.9275766016713, 215.0), (1888, 92.55681818181819, 203.810888252149), (1889, 88.80877742946709, 197.95731707317074)]
ASN00014016, [(1885, 230.3223880597015, 328.1283582089552), (1886, 237.48219178082192, 334.35616438356163), (1887, 227.14246575342466, 325.87397260273974), (1888, 234.3415300546448, 336.3224043715847), (1889, 240.53150684931506, 339.9972602739726)]
ASN00048030, [(1881, 90.04838709677419, 275.8774834437086), (1882, 112.65650969529086, NULL), (1883, 104.31506849315069, 290.47633136094674), (1884, 104.02011494252874, 324.625), (1885, 108.1921921921922, 286.26126126126127), (1886, 110.14520547945206, 270.6684931506849), (1887, 105.58630136986301, 284.56986301369864), (1888, 128.224043715847, 299.3415300546448), (1889, 154.96986301369864, 288.18630136986303)]
ASN00052026, [(1880, 127.46666666666667, 278.89722222222224), (1881, 127.7584541062802, 269.9466019417476), (1882, 115.3125, 297.55670103092785), (1883, 115.74550898203593, 275.1556886227545), (1884, 133.22191011235955, 290.6912568306011), (1885, 125.45251396648045, 280.55128205128204), (1886, 128.6821917808219, 258.213698630137), (1887, 123.75342465753425, 253.61904761904762), (1888, 122.95027624309392, 265.27197802197804), (1889, 140.58677685950414, 250.08264462809916)]
ASN00055023, [(1880, 49.127946127946124, 287.1986531986532), (1881, 66.81848184818482, 289.34653465346537), (1882, 111.65530303030303, 296.70075757575756), (1883, 122.55409836065574, 270.2826747720365), (1884, 128.6264705882353, 261.0235294117647), (1885, 126.49683544303798, 248.7594936708861), (1886, 121.34722222222223, 239.02314814814815), (1887, 116.90283400809717, 231.05263157894737), (1888, 127.4, 267.9446808510638), (1889, 142.41596638655463, 281.3529411764706)]
CA001066336, [(1886, 57.160377358490564, 130.1822429906542), (1887, 12.017241379310345, 90.64835164835165), (1888, 33.37003058103976, 104.36612021857924), (1889, 37.21369863013699, 115.3013698630137)]
CA001101530, [(1881, 57.59327217125382, 149.33639143730886)]
CA004013030, [(1889, -7.787234042553192, 134.41228070175438)]
CA005023243, [(1880, -65.84426229508196, 57.47540983606557), (1881, -58.49315068493151, 71.68767123287671), (1882, -50.40821917808219, 72.06575342465753), (1883, -80.62191780821918, 47.45753424657534), (1884, -65.04371584699453, 44.095628415300546), (1885, -61.8986301369863, 60.47123287671233), (1886, -60.81369863013698, 75.83287671232877), (1887, -73.5041095890411, 63.92054794520548), (1888, -62.30327868852459, 64.80874316939891), (1889, -45.14520547945205, 92.34246575342466)]
CA006057595, [(1889, 24.04, 130.725)]
CA006142252, [(1889, 24.79874213836478, 117.99371069182389)]
CA006143083, [(1881, 86.99555555555555, 183.19574468085105), (1882, 28.480555555555554, 119.77285318559557), (1883, 4.898351648351649, 107.31593406593407), (1884, 5.286885245901639, 120.51912568306011), (1885, -13.572727272727272, 99.21212121212122), (1886, 4.624657534246575, 118.62465753424658), (1887, 6.016483516483516, 121.9641873278237), (1888, 0.48342541436464087, 110.89531680440771), (1889, 9.389972144846796, 126.08100558659218)]
CA006150913, [(1880, 27.158640226628894, 120.84426229508196), (1881, 22.715068493150685, 124.64931506849315), (1882, 12.510263929618768, 109.32058823529412), (1883, -1.6712328767123288, 101.33424657534246), (1884, 6.415300546448087, 111.94535519125684), (1885, -12.138643067846608, 91.79464285714286), (1886, 4.221590909090909, 109.43019943019944), (1887, 6.337078651685394, 118.50140845070422), (1888, 4.5710382513661205, 110.03551912568307)]
CA006160465, [(1882, -54.561797752808985, 46.70454545454545), (1883, -43.554913294797686, 82.54913294797687), (1884, -35.95, 100.4298245614035), (1885, -42.50898203592814, 96.90390390390391), (1886, -155.41573033707866, -13.910112359550562), (1889, -58.21951219512195, 35.25609756097561)]
CA007026465, [(1880, -5.803827751196172, 128.2488038277512), (1881, 37.53005464480874, 151.53296703296704), (1882, -16.892857142857142, 97.89041095890411), (1883, -33.8986301369863, 92.36813186813187), (1884, -19.50137741046832, 100.98626373626374), (1885, -36.172602739726024, 94.18082191780822), (1886, -27.254794520547946, 104.51648351648352), (1887, -29.975274725274726, 99.72054794520548), (1888, -30.44931506849315, 89.19945355191257), (1889, -4.381868131868132, 112.57142857142857)]
CA008100990, [(1880, -20.51912568306011, 101.30874316939891), (1881, -11.057534246575342, 100.58904109589041), (1882, -20.30958904109589, 94.05205479452054), (1883, -30.745205479452054, 91.64657534246575), (1884, -22.873972602739727, 88.76986301369863), (1885, -22.208219178082192, 96.62191780821918), (1886, -11.627397260273973, 99.92602739726027), (1887, -22.106849315068494, 98.11780821917809), (1888, -19.325136612021858, 90.19125683060109), (1889, 6.934246575342466, 115.27671232876712)]
CA008101170, [(1880, -11.28, 89.25287356321839), (1881, -18.22316384180791, 73.91292134831461), (1882, -28.766016713091922, 75.79329608938548), (1883, -43.8756906077348, 63.649171270718234), (1884, -37.603305785123965, 64.73351648351648), (1885, -31.23463687150838, 54.29044117647059), (1886, -24.397759103641455, 82.37254901960785), (1887, -27.80979827089337, 77.05763688760807), (1888, -24.875, 72.86666666666666), (1889, -12.803370786516854, 91.76815642458101)]
CA008101230, [(1880, -123.74193548387096, -24.35483870967742), (1888, -14.827868852459016, 85.39071038251366), (1889, 9.873972602739727, 97.22465753424657)]
CA008101920, [(1883, 42.33898305084746, 132.70056497175142), (1884, 13.775956284153006, 99.34426229508196), (1885, 9.772602739726027, 97.06301369863014), (1886, 17.112328767123287, 105.36164383561643), (1887, 8.64931506849315, 102.35890410958905), (1888, 4.7650273224043715, 92.43442622950819), (1889, 24.747945205479454, 111.55068493150685)]
CA008103825, [(1886, 32.08988764044944, 151.12359550561797), (1887, -11.937125748502995, 100.26726726726727), (1888, -25.114754098360656, 56.09836065573771), (1889, -8.58904109589041, 101.52328767123288)]
CA008403635, [(1889, 55.34975369458128, 126.0935960591133)]
FRE00104937, [(1880, NULL, 9990.0), (1881, NULL, 9990.0), (1882, NULL, 9990.0), (1883, NULL, 9990.0), (1884, NULL, 9990.0), (1885, NULL, 9990.0), (1886, NULL, 9990.0), (1887, NULL, 9990.0), (1888, NULL, 9990.0), (1889, NULL, 9990.0)]
RSM00034163, [(1884, -20.76502732240437, NULL)]
RSM00034880, [(1881, 48.72054794520548, 138.42191780821918), (1882, 58.9013698630137, 149.0), (1883, 50.865753424657534, 149.44383561643835), (1884, 49.14754098360656, 143.53551912568307), (1885, 46.37808219178082, 150.33972602739726), (1886, 8.458563535911603, 111.61878453038673), (1889, -113.19354838709677, -62.516129032258064)]
RSM00037472, [(1882, 83.22802197802197, NULL), (1883, 83.6, NULL), (1884, 79.05464480874316, NULL), (1885, 53.983108108108105, NULL), (1886, 84.03013698630137, NULL), (1887, 92.5095890410959, NULL), (1888, 85.39890710382514, NULL), (1889, 82.81818181818181, NULL)]
SZ000002220, [(1882, -49.33606557377049, -3.3140495867768593), (1883, -49.42774566473989, 21.222543352601157), (1884, -45.11077844311377, 12.09009009009009), (1885, -37.747252747252745, 16.365384615384617), (1886, -42.488950276243095, 17.480662983425415), (1887, -49.70879120879121, 11.76923076923077)]
TX000038763, [(1883, 211.25, NULL), (1885, 56.59322033898305, 199.0), (1889, 61.98913043478261, NULL)]
UK000000000, [(1880, NULL, 64.0), (1881, 48.88767123287671, 122.83013698630137), (1882, 57.915068493150685, 131.55616438356165), (1883, 52.20821917808219, 128.3232876712329), (1884, 59.46174863387978, 137.51092896174865), (1885, 47.46027397260274, 124.45753424657535), (1886, 51.73972602739726, 122.87945205479453), (1887, 42.397260273972606, 123.74794520547945), (1888, 47.76502732240437, 117.1775956284153), (1889, 54.33150684931507, 126.22191780821917)]
UPM00033910, [(1885, 53.484931506849314, NULL), (1886, 56.92328767123288, NULL), (1887, 62.26575342465753, NULL), (1889, 52.54545454545455, NULL)]
UPM00033946, [(1886, 87.04081632653062, NULL), (1887, 58.667655786350146, NULL), (1888, 51.885714285714286, NULL), (1889, 57.970238095238095, NULL)]
USC00023096, [(1883, 161.49382716049382, 306.65432098765433), (1889, 118.90119760479043, 212.73952095808383)]
USC00035186, [(1884, 121.38271604938272, 291.18407960199005), (1885, 167.5, 297.67597765363126), (1886, 180.4240506329114, 301.6158536585366), (1887, 163.37878787878788, 300.29891304347825), (1888, 164.17877094972067, 300.5195530726257), (1889, 131.08878504672896, 260.1121495327103)]
USC00043157, [(1880, NULL, 150.98907103825135), (1881, NULL, 179.92602739726027), (1882, 23.240816326530613, 184.34057971014494), (1883, -10.257534246575343, 170.4904109589041), (1884, 15.836065573770492, 151.80054644808743), (1885, 41.77302631578947, 180.92763157894737), (1886, 28.980821917808218, 159.52307692307693), (1887, 20.432876712328767, 164.04109589041096), (1888, 27.811475409836067, 172.76775956284152), (1889, 28.410958904109588, 175.0)]
USC00172740, [(1886, 5.814814814814815, 125.08389261744966), (1887, -3.9461756373937678, 123.90462427745665), (1888, -10.634349030470915, 103.85164835164835), (1889, 22.451612903225808, 161.29032258064515)]
USC00190830, [(1889, 64.75342465753425, 146.65753424657535)]
USC00193110, [(1885, 51.282722513089006, 172.61780104712042), (1886, 20.140056022408963, 136.18384401114207), (1887, 7.976109215017065, 117.36054421768708), (1888, -12.824074074074074, 108.50308641975309), (1889, 30.27094972067039, 140.18055555555554)]
USC00194295, [(1885, 41.29752066115702, 132.6749311294766), (1886, 45.97808219178082, 128.73698630136985), (1887, 51.413698630136984, 132.56986301369864), (1888, 42.013661202185794, 123.80054644808743), (1889, 67.16712328767123, 135.77260273972604)]
USC00194313, [(1885, 146.09677419354838, 241.4516129032258), (1889, 45.137362637362635, 146.18356164383562)]
USC00194340, [(1885, -40.16129032258065, 117.00833333333334), (1886, 32.42089552238806, 133.5917808219178), (1887, 12.613698630136986, 133.92328767123288), (1888, -0.0273224043715847, 119.79234972677595), (1889, 25.646575342465752, 139.0054794520548)]
USC00194760, [(1885, 42.36986301369863, 129.07397260273973), (1886, 37.48559670781893, 121.65432098765432), (1887, -47.3728813559322, 38.260504201680675)]
USC00198960, [(1885, 78.8663101604278, 201.85714285714286), (1886, 34.987096774193546, 155.86996904024767), (1887, 25.35542168674699, 146.10919540229884), (1888, 15.333333333333334, 136.84984984984985), (1889, 44.52842809364549, 147.65814696485623)]
USC00262383, [(1889, 121.44351464435147, 251.35537190082644)]
USC00269430, [(1889, 120.91358024691358, 246.52469135802468)]
USC00324418, [(1881, 167.0, 283.0)]
USC00464045, [(1883, 88.4, 200.74285714285713), (1884, 50.076502732240435, 166.94535519125682), (1885, 40.273972602739725, 148.18406593406593), (1886, 49.153424657534245, 158.3972602739726), (1887, 59.90684931506849, 167.17260273972602), (1888, 59.78338278931751, 148.31420765027323), (1889, -20.903225806451612, 65.06451612903226)]
USW00014971, [(1883, 103.61904761904762, 194.45539906103286), (1886, -23.824175824175825, 92.86813186813187), (1887, -76.07883817427386, 98.51666666666667), (1888, 29.879781420765028, 152.224043715847), (1889, 30.79940119760479, 172.4311377245509)]
USW00024121, [(1888, -13.575091575091575, 228.2087912087912), (1889, -28.528767123287672, 222.62191780821917)]
USW00024157, [(1889, 31.348684210526315, 149.05882352941177)]
