AGE00147716, [(1880, NULL, 240.5191256830601), (1881, 110.37086092715232, 228.62406015037595), (1882, 102.51506849315068, 226.85474860335196), (1883, 91.61356932153393, 231.7159090909091), (1884, 128.09562841530055, 219.10655737704917), (1885, 135.4640522875817, 232.78758169934642), (1886, 132.72980501392757, 223.22033898305085), (1887, 130.95211267605634, 220.19774011299435), (1888, 131.26404494382024, 217.1629213483146), (1889, 124.070796460177, 214.40828402366864)]
AJ000037735, [(1882, 96.55228758169935, 210.9346405228758)]
ASN00048013, [(1880, 123.73546511627907, 283.2093023255814), (1881, 139.91242937853107, 273.59322033898303), (1882, 146.96438356164384, 278.4547945205479), (1883, 145.31666666666666, 288.65277777777777), (1884, 149.28142076502732, 288.3169398907104), (1885, 132.01373626373626, 297.6732394366197), (1886, 127.03835616438356, 289.9972602739726), (1887, 126.83013698630137, 272.827397260274), (1888, 124.42349726775956, 306.827868852459), (1889, 138.62739726027397, 293.4739726027397)]
ASN00063004, [(1880, 64.68939393939394, 202.01520912547528), (1881, 61.52290076335878, 202.04961832061068), (1882, 66.51937984496124, 210.22779922779924), (1883, 58.86821705426357, 203.09652509652508), (1884, 62.44615384615385, 216.15), (1885, 62.130434782608695, 219.4496124031008), (1886, 66.74524714828897, 211.35361216730038), (1887, 70.53076923076924, 198.77692307692308), (1888, 55.08880308880309, 228.84942084942085), (1889, 71.66153846153846, 223.46153846153845)]
ASN00072151, [(1880, 90.6412213740458, 241.63846153846154), (1881, 89.10526315789474, 225.0), (1882, 63.44656488549618, 228.23282442748092), (1883, 49.28957528957529, 227.58687258687257), (1884, 74.73817034700315, 241.02523659305993), (1885, 80.72757475083057, 240.53177257525084), (1886, 83.14285714285714, 218.99293286219083), (1887, 69.52631578947368, 232.8345864661654), (1888, 48.475095785440615, 255.81992337164752), (1889, 93.14606741573034, 249.98876404494382)]
CA004016560, [(1883, -239.83870967741936, -107.35483870967742), (1884, -82.13661202185793, 52.275956284153004), (1885, -59.057534246575344, 75.0958904109589), (1886, -61.73424657534247, 77.21095890410959), (1887, -74.68767123287671, 61.36986301369863), (1888, -308.741935483871, -203.67741935483872)]
CA005010977, [(1889, -45.23835616438356, 83.82465753424657)]
CA005012279, [(1886, -31.484662576687118, 115.3689024390244), (1887, -128.82165605095543, 67.60915492957747), (1888, -48.95505617977528, 64.88764044943821), (1889, -11.343971631205674, 124.69675090252707)]
CA005012540, [(1885, -10.889795918367346, 133.3045267489712), (1886, -60.68956043956044, 94.63013698630137), (1887, -68.47123287671234, 77.0989010989011), (1888, -63.49726775956284, 78.03551912568307), (1889, -42.52054794520548, 108.9013698630137)]
CA006059475, [(1888, -199.5, -49.22727272727273), (1889, -63.4027397260274, 75.52054794520548)]
CA006068148, [(1887, -1.7933884297520661, 137.39303482587064), (1888, -287.14814814814815, 77.61739130434782), (1889, 1.9743589743589745, 105.82934131736526)]
CA006118187, [(1888, 48.00483091787439, 149.47846889952154), (1889, -6.968652037617555, 94.96865203761756)]
CA006137147, [(1885, -12.209302325581396, 69.23529411764706), (1886, 16.284122562674096, 129.47353760445682), (1887, 17.754820936639117, 132.54820936639118), (1888, 6.549180327868853, 121.8360655737705), (1889, 24.052054794520547, 138.0082191780822)]
CA006137735, [(1880, 25.694267515923567, 138.34076433121018), (1881, 23.910543130990416, 137.1597444089457), (1882, 24.883870967741935, 129.33225806451614), (1883, 8.968152866242038, 119.56687898089172), (1884, 14.041533546325878, 126.98722044728434), (1885, 4.779552715654952, 108.78594249201278), (1886, 18.361022364217252, 118.03833865814697), (1887, 19.30031948881789, 124.6964856230032), (1888, -123.8125, -27.395833333333332)]
CA006141095, [(1880, -1.6133333333333333, 124.01944444444445), (1881, 18.728021978021978, 129.1046831955923), (1882, 17.38150289017341, 119.92173913043479), (1883, -5.837988826815643, 103.12813370473538), (1884, 1.129120879120879, 118.90934065934066), (1885, 13.86, 131.32), (1886, 6.345505617977528, 120.35028248587571), (1887, 6.583333333333333, 126.91944444444445), (1888, 0.7837078651685393, 113.7247191011236), (1889, 16.911428571428573, 120.76790830945559)]
CA006144470, [(1880, 24.25824175824176, 116.28333333333333), (1881, 26.058282208588956, 134.52147239263803), (1882, 19.73860182370821, 124.78353658536585), (1883, 0.6646884272997032, 112.87761194029851), (1884, -0.08256880733944955, 117.4329268292683), (1885, -6.305882352941176, 105.81231671554252), (1886, -6.609427609427609, 102.13898305084746), (1887, 1.1628664495114007, 108.9640522875817), (1888, -9.537267080745341, 99.6269592476489), (1889, -7.315789473684211, 94.55263157894737)]
CA006148100, [(1880, 15.829608938547485, 119.49162011173185), (1881, 13.808219178082192, 129.16438356164383), (1882, 5.047197640117994, 108.42182890855457), (1883, -5.742465753424658, 104.17260273972603), (1884, 3.9972602739726026, 114.6027397260274), (1885, -7.5917808219178085, 98.1945205479452), (1886, 8.073972602739726, 111.4904109589041), (1887, 3.451523545706371, 115.42382271468144), (1888, -1.5867768595041323, 105.58126721763085)]
CA006164297, [(1880, 32.268595041322314, NULL), (1881, 13.901360544217686, NULL), (1882, 10.002898550724638, NULL), (1883, -17.370588235294118, 155.65437788018434), (1884, -6.307926829268292, 153.27678571428572), (1885, -26.06687898089172, 100.6118881118881), (1886, -22.510135135135137, 129.48598130841123), (1887, -21.567307692307693, 84.54304635761589), (1888, -17.842261904761905, 94.24404761904762), (1889, 14.424242424242424, 114.32782369146005)]
CA007021952, [(1880, -22.707650273224044, 88.28142076502732), (1881, -17.464285714285715, 89.09615384615384), (1882, -31.09041095890411, 74.55890410958904), (1883, -45.676712328767124, 68.86027397260274), (1884, -29.80327868852459, 78.33060109289617), (1885, -36.86813186813187, 80.36263736263736), (1886, -30.28021978021978, 82.70604395604396), (1887, -37.66575342465753, 77.38630136986302), (1888, -37.17213114754098, 65.98087431693989), (1889, -17.03835616438356, 90.83561643835617)]
CA007024280, [(1888, -89.9, -3.607843137254902), (1889, -10.550595238095237, 99.92307692307692)]
CA007066688, [(1888, 5.783882783882784, 102.00732600732601), (1889, -21.87945205479452, 73.84657534246575)]
CA008101700, [(1880, -17.188524590163933, 110.69398907103825), (1881, -5.164383561643835, 108.96986301369863), (1882, -17.356164383561644, 103.88493150684931), (1883, -30.172602739726027, 99.86849315068493), (1884, -17.846994535519126, 101.56557377049181), (1885, -21.54794520547945, 104.68767123287671), (1886, -10.26849315068493, 104.33150684931506), (1887, -15.575342465753424, 98.77808219178083), (1888, -14.062841530054644, 93.02459016393442), (1889, 5.101369863013699, 116.07123287671233)]
CA008206410, [(1880, -37.53947368421053, 67.92105263157895), (1881, 21.284900284900285, 103.45425867507886), (1882, 10.143250688705233, 101.63461538461539), (1883, -135.10526315789474, 69.56424581005587)]
CA008401125, [(1880, -107.2396694214876, -0.8), (1881, -7.678571428571429, NULL), (1882, -19.424657534246574, NULL), (1883, -33.293150684931504, NULL), (1884, -138.8, NULL)]
DA000025140, [(1880, 55.58126721763085, 113.04383561643836), (1881, 36.895890410958906, 91.91780821917808), (1882, 59.20879120879121, 109.73150684931507), (1883, 52.04931506849315, 105.84109589041095), (1884, 56.494535519125684, 113.79234972677595), (1885, 46.07397260273972, 100.40821917808219), (1886, 46.032876712328765, 100.41917808219178), (1887, 42.602739726027394, 99.67397260273972), (1888, 41.0, 91.39071038251366), (1889, 52.47945205479452, 107.84657534246575)]
EI000003969, [(1881, 44.26301369863014, 123.84109589041095), (1882, 50.95616438356164, 129.35342465753425), (1883, 45.221917808219175, 126.17534246575343), (1884, 53.72950819672131, 130.72677595628414), (1885, 43.62465753424657, 121.35890410958905), (1886, 47.868493150684934, 121.14520547945206), (1887, 44.06849315068493, 127.53424657534246), (1888, 46.81693989071038, 120.55191256830601), (1889, 51.44931506849315, 127.73424657534247)]
GM000004199, [(1880, 40.26229508196721, 124.02732240437159), (1881, 34.276712328767125, 119.81643835616438), (1882, 38.50410958904109, 126.53972602739726), (1883, 36.52328767123288, 119.56712328767124), (1884, 42.54644808743169, 128.96448087431693), (1885, 36.31780821917808, 125.8054794520548), (1886, 41.224657534246575, 126.61369863013698), (1887, 28.063013698630137, 112.16712328767123), (1888, 33.06284153005465, 113.28688524590164), (1889, 35.78630136986301, 112.7972602739726)]
HRE00105182, [(1880, 41.306569343065696, 139.62408759124088)]
ITE00100550, [(1880, 97.45901639344262, 177.78415300546447), (1881, 110.18356164383562, 160.73150684931508), (1882, 102.42465753424658, 176.48219178082192), (1883, 100.73698630136987, 163.33424657534246), (1884, 102.62021857923497, 166.47540983606558), (1885, 102.2986301369863, 167.05205479452056), (1886, 95.1041095890411, 173.81917808219177), (1887, 97.1013698630137, 167.03835616438357), (1888, 92.33879781420765, 170.06284153005464), (1889, 96.7013698630137, 167.58904109589042)]
RSM00023804, [(1888, -4.817843866171004, NULL), (1889, -29.395604395604394, NULL)]
RSM00027857, [(1881, -29.468842729970326, NULL), (1882, -7.542465753424658, NULL), (1883, -11.347945205479451, NULL), (1884, -21.366120218579233, NULL), (1887, -7.6876712328767125, NULL)]
USC00090430, [(1884, 129.4, 250.78775510204082), (1885, 86.02465753424657, 201.74794520547945), (1886, 92.55068493150685, 203.45205479452054), (1887, 97.56712328767124, 198.5808219178082), (1888, 106.56557377049181, 222.84426229508196), (1889, 113.68493150684931, 214.6027397260274)]
USC00194012, [(1885, 6.6878453038674035, 154.675), (1888, 27.401960784313726, 168.0033222591362)]
USC00194405, [(1885, 114.17391304347827, 183.22826086956522), (1886, 120.17934782608695, 194.80978260869566), (1887, 123.88586956521739, 191.52717391304347)]
USC00195317, [(1887, -16.36842105263158, 81.02631578947368), (1888, -85.85393258426966, 16.786516853932586)]
USC00196988, [(1884, -52.205882352941174, 1.3055555555555556), (1885, 19.796143250688704, 102.3489010989011), (1886, 31.02747252747253, 111.13150684931507), (1887, 24.9010989010989, 107.08493150684932), (1888, 15.382513661202186, 92.3743169398907), (1889, -20.41304347826087, 50.108695652173914)]
USC00200032, [(1887, -42.794520547945204, 78.27027027027027), (1888, 9.364383561643836, 140.1639344262295), (1889, 6.372093023255814, 118.8543046357616)]
USC00207097, [(1889, 46.596774193548384, 155.43548387096774)]
USC00254812, [(1882, -28.425, -256.275)]
USC00267835, [(1887, -44.5, 147.88524590163934), (1888, 66.13333333333334, 322.1333333333333)]
USC00277060, [(1886, 29.153191489361703, 166.86666666666667), (1887, 3.2344322344322345, 125.28937728937728)]
USC00316103, [(1882, 124.78260869565217, NULL)]
USC00318500, [(1887, 21.622222222222224, 130.5888888888889)]
USC00354506, [(1887, 35.75471698113208, 187.32075471698113), (1888, -9.5, 110.31651376146789), (1889, 20.49173553719008, 159.85185185185185)]
USC00474966, [(1880, 42.814207650273225, 135.86338797814207), (1881, 41.323287671232876, 133.4904109589041), (1882, 44.43013698630137, 132.72328767123287), (1883, 16.473972602739725, 110.64109589041095), (1884, 20.349726775956285, 109.3224043715847), (1885, 13.775342465753425, 101.23013698630137), (1886, 25.67945205479452, 121.61917808219178), (1887, 23.660273972602738, 123.26301369863013), (1888, 17.505464480874316, 108.7103825136612), (1889, 36.62739726027397, 126.75068493150685)]
USC00486120, [(1881, 211.0, 44.0)]
USW00094728, [(1880, 75.76229508196721, 156.9863387978142), (1881, 73.44657534246575, 152.56164383561645), (1882, 73.3972602739726, 146.64383561643837), (1883, 62.87397260273973, 139.94520547945206), (1884, 75.69398907103825, 149.17534246575343), (1885, 64.59452054794521, 143.36712328767123), (1886, 66.4958904109589, 148.81643835616438), (1887, 64.60164835164835, 146.4945054945055), (1888, 57.221311475409834, 136.84699453551912), (1889, 78.42465753424658, 154.22465753424657)]
