AGE00135039, [(1884, 126.60606060606061, 215.27272727272728), (1885, 140.95068493150686, 239.1023102310231), (1886, 143.33241758241758, 227.46107784431138), (1887, 142.0775623268698, 221.58904109589042), (1888, 136.02203856749313, 220.0986301369863), (1889, 125.58739255014326, 212.13698630136986)]
AGE00147717, [(1880, 72.45628415300547, 233.9917808219178), (1881, 87.36712328767123, 248.38082191780822), (1882, 18.441666666666666, 238.2054794520548), (1883, 90.51785714285714, 238.77380952380952), (1884, 84.81420765027322, 218.8870056497175), (1885, 75.76415094339623, 235.5693641618497), (1886, 89.64309764309765, 248.92128279883383), (1887, 88.26849315068493, 243.46153846153845), (1888, 77.46556473829202, 235.28925619834712), (1889, 71.63636363636364, 228.19819819819818)]
ASN00044022, [(1889, 116.39183673469388, 257.2887029288703)]
ASN00065016, [(1880, 112.32786885245902, 264.8415300546448), (1881, 103.78904109589041, 247.46849315068494), (1882, 110.52602739726028, 252.3123287671233), (1883, 98.29752066115702, 238.74520547945207), (1884, 84.03825136612022, 241.94808743169398), (1885, 95.59943977591037, 259.08813559322033), (1886, 94.63013698630137, 237.76954732510288), (1887, 89.51506849315068, 336.9032258064516), (1888, 90.10655737704919, 270.70652173913044), (1889, 130.53698630136986, 239.2986301369863)]
AU000005901, [(1880, 57.12841530054645, 138.99180327868854), (1881, 47.9013698630137, 122.95068493150686), (1882, 61.057534246575344, 142.06575342465754), (1883, 54.24109589041096, 128.27671232876713), (1884, 56.595628415300546, 135.52732240437157), (1885, 54.057534246575344, 136.6931506849315), (1886, 55.74794520547945, 133.94794520547944), (1887, 49.16712328767123, 124.81369863013698), (1888, 45.44535519125683, 121.6775956284153), (1889, 52.18630136986302, 123.26301369863013)]
AU000006306, [(1880, 45.47540983606557, 131.1830601092896), (1881, 38.41917808219178, 123.01917808219179), (1882, 43.95616438356164, 131.42465753424656), (1883, 39.88767123287671, 123.52328767123288), (1884, 56.71311475409836, 141.04918032786884), (1885, 48.986301369863014, 141.12876712328767), (1886, 54.345205479452055, 139.14520547945204), (1887, 39.61095890410959, 126.2), (1888, 44.20765027322405, 128.1830601092896), (1889, 46.61917808219178, 125.73424657534247)]
BE000006447, [(1880, 57.16120218579235, 136.70218579234972), (1881, 49.276712328767125, 126.63287671232877), (1882, 58.172602739726024, 131.03287671232877), (1883, 55.04383561643836, 131.2986301369863), (1884, 59.01639344262295, 138.84699453551912), (1885, 47.21369863013699, 126.41917808219178), (1886, 53.202739726027396, 132.16986301369863), (1887, 41.43561643835616, 120.6986301369863), (1888, 44.385245901639344, 117.39344262295081), (1889, 52.07397260273972, 124.13698630136986)]
CA001100120, [(1889, -13.595744680851064, 65.31914893617021)]
CA001105550, [(1880, 39.055865921787706, 120.70949720670392), (1881, 47.108635097493035, 130.35933147632312), (1882, -19.796610169491526, 30.016949152542374)]
CA004040420, [(1880, -102.40963855421687, 62.44159544159544), (1881, -102.26285714285714, 40.462857142857146), (1882, -117.61224489795919, 3.326530612244898), (1883, -196.5549132947977, -58.60919540229885), (1884, -107.42745098039215, 8.662745098039215), (1885, -290.07142857142856, -188.71428571428572), (1886, -119.77777777777777, -0.1111111111111111)]
CA004056230, [(1884, -163.15841584158414, -14.237623762376238), (1885, -108.13168724279835, 43.5679012345679), (1886, -112.33147632311977, 63.77437325905292), (1887, -88.30258302583026, 65.12177121771218), (1888, -119.921875, 113.52631578947368), (1889, -69.85474860335195, 86.45251396648045)]
CA006104185, [(1880, 24.311475409836067, 126.30601092896175), (1881, 24.424657534246574, 127.7041095890411), (1882, 24.512328767123286, 121.16986301369863), (1883, 4.189041095890411, 101.58630136986301), (1884, 16.497267759562842, 106.96448087431693), (1885, 3.6575342465753424, 92.91232876712328), (1886, 16.621917808219177, 106.18082191780822), (1887, 18.482191780821918, 108.46301369863014), (1888, 12.972677595628415, 101.71584699453553), (1889, 33.35068493150685, 113.04657534246576)]
CA006105976, [(1889, -59.52459016393443, 13.950819672131148)]
CA006111766, [(1885, 9.768595041322314, 92.16528925619835), (1886, 7.115068493150685, 113.07945205479452), (1887, 2.649315068493151, 115.52876712328766), (1888, -18.263736263736263, 103.48901098901099), (1889, -1.558904109589041, 115.96986301369863)]
CA006111793, [(1881, 103.9090909090909, 205.11363636363637)]
CA006116254, [(1880, -5.8743169398907105, 105.12021857923497), (1881, -1.8794520547945206, 111.77534246575343), (1882, -2.736986301369863, 104.01369863013699), (1883, -28.39178082191781, 88.1013698630137), (1884, -14.841530054644808, 101.39344262295081), (1885, -31.216438356164385, 86.7095890410959), (1886, -13.901369863013699, 99.72876712328767), (1887, -18.70958904109589, 101.59178082191781), (1888, -22.93169398907104, 89.86065573770492), (1889, 4.032876712328767, 107.97808219178083)]
CA006129850, [(1881, 73.1534090909091, 184.27272727272728), (1882, 23.887671232876713, 127.79178082191781), (1883, -3.0875706214689265, 111.87671232876713), (1884, 12.1448087431694, 120.78688524590164), (1885, -0.5287671232876713, 106.45753424657535), (1886, 14.013698630136986, 119.7041095890411), (1887, 15.542465753424658, 124.64109589041095), (1888, 7.644808743169399, 112.41256830601093), (1889, 26.336986301369862, 127.61643835616438)]
CA006142993, [(1880, 25.806010928961747, 128.34972677595627), (1881, 23.567123287671233, 132.27671232876713), (1882, 20.4, 125.36712328767123), (1883, 0.07417582417582418, 110.1456043956044), (1884, 11.92876712328767, 120.99178082191781), (1885, -1.0328767123287672, 105.44657534246575), (1886, 13.12054794520548, 121.44383561643835)]
CA006148120, [(1881, -29.634615384615383, 44.32692307692308), (1882, 13.097701149425287, 118.98275862068965), (1883, -5.392156862745098, 110.51117318435755), (1884, -1.6064139941690962, 112.74635568513119), (1885, -128.92436974789916, -10.521367521367521)]
CA006158065, [(1889, 36.26865671641791, 127.53618421052632)]
CA007023240, [(1880, 5.546448087431694, 105.39617486338798), (1881, 6.938028169014085, 99.94647887323944), (1882, 6.676880222841226, 99.2284122562674), (1883, -11.355371900826446, 90.92561983471074), (1884, 0.3342618384401114, 101.79945054945055), (1885, -10.36986301369863, 85.98630136986301), (1886, -2.2054794520547945, 97.38630136986302), (1887, -7.0, 96.9041095890411), (1888, -6.560109289617486, 87.05737704918033), (1889, 12.024657534246575, 103.5095890410959)]
CA007025280, [(1880, 10.734972677595628, 110.99180327868852), (1881, 20.589041095890412, 111.58082191780822), (1882, 12.953424657534246, 98.17808219178082), (1883, -1.9698630136986301, 89.47123287671234), (1884, 9.327868852459016, 98.06830601092896), (1885, -0.536986301369863, 86.04657534246576), (1886, 8.361643835616439, 97.23835616438356), (1887, 5.890410958904109, 95.64931506849315), (1888, 3.2240437158469946, 85.93989071038251), (1889, 21.704109589041096, 102.75890410958904)]
CA007095000, [(1885, -95.59715639810426, 27.07035175879397)]
CA008104800, [(1880, 10.53825136612022, 88.33060109289617), (1881, 14.835616438356164, 87.23835616438356), (1882, 5.361643835616438, 81.26301369863013), (1883, -1.8969359331476323, 86.85793871866295), (1884, 0.23224043715846995, 89.59289617486338), (1885, -2.3917808219178083, 91.63561643835617), (1886, 3.654696132596685, 98.03867403314918), (1887, -0.38082191780821917, 92.01369863013699), (1888, -0.06318681318681318, 84.22527472527473), (1889, 20.73972602739726, 102.83835616438355)]
CA008200300, [(1880, -15.714776632302405, 96.01027397260275), (1881, -3.6955128205128207, 103.0576923076923), (1882, 22.965986394557824, 103.61754385964912), (1883, -26.395061728395063, 83.82644628099173), (1884, -2.5532646048109964, 106.42268041237114), (1885, -111.72093023255815, 3.011627906976744)]
CA008403500, [(1880, 0.04918032786885246, 83.49726775956285), (1881, 0.8410958904109589, 83.75068493150685), (1882, -6.120547945205479, 88.59178082191781), (1883, -7.201657458563536, 106.2396694214876), (1884, -11.084699453551913, 80.74863387978142), (1885, 7.293150684931507, 88.99178082191781), (1886, 9.115068493150686, 96.6), (1887, 1.073972602739726, 89.90958904109588), (1888, 3.2950819672131146, 80.00819672131148), (1889, 22.94413407821229, 111.83240223463687)]
CA008500500, [(1884, -9.974452554744525, 34.306569343065696), (1885, -23.159779614325068, 16.713498622589533), (1886, -26.054131054131055, 17.59259259259259), (1887, -38.31232876712329, 5.958904109589041), (1888, -37.79234972677595, 20.40983606557377), (1889, -24.21511627906977, 26.441860465116278)]
GLE00100981, [(1880, -36.093877551020405, NULL), (1881, -74.66575342465754, NULL), (1882, -104.91506849315068, NULL), (1883, -85.47397260273972, NULL), (1884, -126.18611111111112, NULL), (1885, -83.55681818181819, NULL), (1886, -104.61369863013698, NULL), (1887, -111.71954674220963, NULL), (1888, -93.74590163934427, NULL), (1889, -89.23287671232876, NULL)]
GM000010962, [(1880, 31.34426229508197, 99.86612021857924), (1881, 22.504109589041096, 95.08219178082192), (1882, 28.90958904109589, 102.40821917808219), (1883, 18.024657534246575, 94.71780821917808), (1884, 28.382513661202186, 103.2896174863388), (1885, 25.063013698630137, 103.96438356164384), (1886, 29.2, 100.53972602739726), (1887, 18.515068493150686, 87.04657534246576), (1888, 23.85792349726776, 90.70491803278688), (1889, 21.71780821917808, 89.33150684931506)]
KZ000035700, [(1881, 24.42608695652174, NULL), (1882, -116.38709677419355, NULL), (1885, -0.8114754098360656, 43.08139534883721), (1886, NULL, 118.64657534246575), (1887, NULL, 244.1138211382114)]
RSM00030710, [(1887, -78.5068493150685, 65.66027397260274), (1888, -86.73770491803279, 55.71584699453552), (1889, -91.28493150684932, 47.18904109589041)]
SZ000006717, [(1880, -23.901639344262296, 24.685792349726775), (1881, -31.063013698630137, 18.4986301369863), (1882, -30.339726027397262, 19.865753424657534), (1883, -42.95890410958904, 7.794520547945205), (1884, -41.24863387978142, 12.879781420765028), (1885, -43.8054794520548, 14.967123287671233), (1886, -49.945205479452056, 20.0986301369863), (1887, -58.01917808219178, 15.706849315068494), (1888, -52.240437158469945, 17.23224043715847), (1889, -54.16438356164384, 10.586301369863014)]
TX000038895, [(1889, 48.888888888888886, NULL)]
USC00034562, [(1883, 162.864406779661, 302.7345971563981), (1884, 163.15238095238095, 304.0373831775701), (1885, 154.0193548387097, 311.5388888888889), (1886, 177.35658914728683, 321.07042253521126), (1887, 154.10185185185185, 320.96666666666664), (1888, 199.92929292929293, 310.11242603550295), (1889, 158.89221556886227, 286.47513812154693)]
USC00067361, [(1884, -41.01639344262295, 58.01639344262295), (1885, 24.964285714285715, 132.81593406593407), (1886, 27.63141993957704, 131.42296072507554), (1887, 34.06868131868132, 139.78021978021977), (1888, 24.352459016393443, 126.12841530054645), (1889, 48.870523415977964, 145.62809917355372)]
USC00068138, [(1888, 63.52336448598131, 167.39252336448598), (1889, 40.797260273972604, 129.39221556886227)]
USC00090284, [(1883, -25.0, NULL), (1884, -26.95, 361.0), (1887, -24.375, NULL), (1888, -22.142857142857142, NULL), (1889, -20.130434782608695, NULL)]
USC00176655, [(1885, 86.89671361502347, 142.33802816901408), (1886, -6.6490066225165565, 41.43046357615894)]
USC00191820, [(1885, 30.115068493150684, 114.02465753424657), (1886, 36.184065934065934, 110.81868131868131), (1887, 37.52694610778443, 115.1556886227545)]
USC00196770, [(1886, 48.90909090909091, 168.3262195121951), (1887, 28.750692520775623, 132.81994459833794), (1889, -30.0, -3.225806451612903)]
USC00200094, [(1889, 35.98148148148148, 63.7962962962963)]
USC00253035, [(1888, -51.653333333333336, 102.15131578947368), (1889, -21.957264957264957, 133.0672268907563)]
USC00264939, [(1885, 38.83988764044944, 180.15168539325842), (1886, 29.66849315068493, 172.7780821917808), (1887, 15.810958904109588, 171.0082191780822), (1888, 27.866071428571427, 176.73511904761904), (1889, -10.013245033112582, 132.28476821192052)]
USC00275880, [(1889, 65.59469696969697, 176.07142857142858)]
USC00275997, [(1887, -25.663716814159294, 94.12389380530973), (1888, -0.7401315789473685, 124.875), (1889, 18.375, 141.11337209302326)]
USC00300958, [(1886, 30.184782608695652, 119.27173913043478), (1887, 74.07756232686981, 158.05277777777778), (1888, 26.113300492610836, 81.34358974358975), (1889, 45.99173553719008, 116.7457627118644)]
USC00307633, [(1885, 82.13071895424837, 154.86928104575162), (1886, 63.057534246575344, 142.0191780821918), (1887, 65.53972602739726, 144.24657534246575), (1888, 57.478142076502735, 136.0), (1889, 21.278145695364238, 97.98675496688742)]
USC00313228, [(1882, NULL, -27.0)]
USC00422996, [(1887, -378.2903225806452, -44.61290322580645), (1888, -44.89344262295082, 164.7431693989071), (1889, -5.380821917808219, 153.46849315068494)]
USC00431072, [(1883, NULL, -5.032258064516129), (1884, -66.7109375, 110.88709677419355), (1885, -92.90265486725664, 116.54573170731707), (1886, -65.1328125, 89.93928571428572), (1887, -73.12037037037037, 92.36531365313652), (1888, -83.29166666666667, 101.80124223602485), (1889, -44.408, 118.7109634551495)]
USC00463100, [(1882, -14.107142857142858, 97.78571428571429)]
USC00475484, [(1880, 40.92622950819672, 128.12295081967213), (1881, 42.104109589041094, 121.76986301369863), (1882, 48.4027397260274, 124.89315068493151), (1883, 22.345205479452055, 106.33698630136986), (1884, 26.0327868852459, 110.49726775956285), (1885, 12.961643835616439, 99.65753424657534), (1886, 25.397260273972602, 115.37808219178082), (1887, 28.301369863013697, 117.12602739726027), (1888, 22.10655737704918, 105.00546448087432), (1889, 39.010958904109586, 118.32328767123288)]
USW00013984, [(1885, 89.2, 211.97551020408164), (1886, 45.21917808219178, 170.03561643835616), (1887, 48.4027397260274, 176.93150684931507), (1888, 45.377049180327866, 175.02459016393442), (1889, 55.56164383561644, 176.96164383561643)]
USW00023068, [(1884, 64.97005988023952, 180.53592814371257), (1888, 59.680851063829785, 222.2127659574468), (1889, 34.632876712328766, 189.71506849315068)]
