AGE00147718, [(1880, 147.88251366120218, 306.6078431372549), (1881, 157.99701492537312, 283.8123076923077), (1882, 139.66575342465754, 271.7698630136986), (1883, 127.04109589041096, 274.2225433526012), (1885, 147.18662952646238, 270.0640668523677), (1886, 145.8598901098901, 266.3924418604651), (1887, 142.98076923076923, 268.5665722379603), (1888, 152.98333333333332, 277.3388888888889), (1889, 145.0904109589041, 268.71625344352617)]
ASN00023000, [(1887, 114.34883720930233, 208.61739130434782), (1888, 121.3224043715847, 227.65027322404373), (1889, 120.32054794520548, 217.01643835616437)]
ASN00040214, [(1887, 149.9368131868132, 245.013698630137), (1888, 148.58743169398906, 256.77868852459017), (1889, 160.23013698630137, 255.94794520547944)]
ASN00066062, [(1880, 133.54918032786884, 208.04918032786884), (1881, 130.8904109589041, 204.2164383561644), (1882, 135.813698630137, 211.42191780821918), (1883, 129.81643835616438, 206.47123287671232), (1884, 135.60109289617486, 211.74043715846994), (1885, 137.92876712328768, 215.85205479452054), (1886, 136.74246575342465, 212.38630136986302), (1887, 138.22739726027396, 202.7917808219178), (1888, 133.75068493150684, 209.08219178082192), (1889, 143.06849315068493, 207.27671232876713)]
ASN00091049, [(1884, 108.5, 234.74074074074073)]
AU000015410, [(1886, -134.4262295081967, -80.49180327868852), (1887, -98.05479452054794, -49.83561643835616), (1888, -92.24043715846994, -45.3551912568306), (1889, -92.98904109589041, -49.03013698630137)]
CA003034480, [(1883, 63.56666666666667, 97.16666666666667), (1884, -19.391534391534393, 92.45081967213115), (1885, -17.134246575342466, 129.39178082191782), (1886, -18.898630136986302, 123.8986301369863), (1887, -39.20821917808219, 96.55616438356165), (1888, -23.120218579234972, 105.97814207650273), (1889, -8.558904109589042, 134.22739726027396)]
CA003072145, [(1880, -97.4153005464481, 50.22527472527472), (1881, -78.27123287671233, 59.843835616438355), (1882, -81.19263456090651, 70.77259475218659), (1884, -4.292887029288703, 141.5774058577406), (1886, -114.51461988304094, 34.771929824561404)]
CA004013400, [(1880, -278.11842105263156, -142.58441558441558)]
CA004028035, [(1885, -108.41935483870968, 1.8387096774193548), (1886, -36.55922865013774, 106.80716253443526), (1887, -54.09041095890411, 81.32328767123288), (1888, -45.978142076502735, 90.02185792349727), (1889, -31.065753424657533, 123.9013698630137)]
CA005030556, [(1889, 37.0, 82.46892655367232)]
CA0050520EE, [(1889, -184.55737704918033, NULL)]
CA006092915, [(1882, -104.16071428571429, -16.767857142857142)]
CA006120315, [(1882, 17.721311475409838, 113.64754098360656), (1883, 7.779944289693593, 110.28969359331477), (1884, 10.54, 115.29799426934098), (1885, -0.13424657534246576, 105.11780821917809), (1886, 14.052054794520547, 121.11780821917809), (1887, 18.087912087912088, 124.91208791208791), (1888, 8.270491803278688, 112.69398907103825), (1889, 25.375342465753423, 123.16438356164383)]
CA006127887, [(1880, 18.505494505494507, 113.56593406593407), (1881, 14.786301369863013, 114.87123287671233), (1882, 16.34794520547945, 114.30958904109589), (1883, -5.586301369863014, 96.04657534246576), (1884, 3.379781420765027, 106.20765027322405), (1885, -10.027397260273972, 91.7068493150685), (1886, 9.504109589041096, 103.09041095890412), (1887, 5.071232876712329, 105.65205479452055), (1888, 0.6885245901639344, 95.17486338797814), (1889, 21.457534246575342, 113.58904109589041)]
CA006131388, [(1889, 43.74390243902439, 166.109756097561)]
CA006136335, [(1889, 33.01176470588236, 88.4)]
CA006141843, [(1880, -63.21739130434783, 29.119565217391305), (1881, 9.623626373626374, 126.59504132231405), (1882, 7.544198895027624, 112.0939226519337), (1883, -13.346153846153847, 96.5702479338843), (1884, -70.69491525423729, 31.920454545454547), (1885, -17.28767123287671, 100.03561643835616), (1886, 2.813698630136986, 110.67671232876712), (1887, 2.8493150684931505, 112.75068493150685), (1888, -3.040983606557377, 102.8415300546448), (1889, 13.243835616438357, 117.87945205479453)]
CA006152007, [(1882, 61.33168316831683, 169.89162561576356), (1883, -1.4022038567493114, 110.36088154269973), (1884, 10.487603305785123, 119.43526170798899), (1885, -1.4116022099447514, 105.52486187845304), (1886, 8.238888888888889, 118.21111111111111), (1887, 12.052631578947368, 122.31024930747922), (1888, 0.15846994535519127, 115.00819672131148), (1889, 20.15068493150685, 128.2)]
CA007021954, [(1880, 43.382075471698116, 145.99530516431926), (1881, -1.7743732590529249, 109.73184357541899), (1882, -11.91388888888889, 101.48055555555555), (1883, -24.082872928176794, 97.22375690607734), (1884, 2.6149425287356323, 106.17260273972603), (1885, -20.330532212885153, 98.80672268907563), (1886, -13.456582633053221, 111.30812324929973), (1887, -11.74251497005988, 112.23652694610779)]
CA007050790, [(1881, -8.498245614035088, 50.14385964912281), (1882, -7.167123287671233, 62.221917808219175), (1883, -8.832876712328767, 65.28219178082192), (1884, -11.901639344262295, 58.349726775956285), (1885, -4.117808219178082, 66.15068493150685), (1886, 5.101369863013699, 73.67945205479452), (1887, -4.249315068493151, 65.6109589041096), (1888, -3.180327868852459, 65.16120218579235), (1889, 7.271232876712329, 76.8)]
CA007061440, [(1880, -151.44827586206895, 11.415584415584416), (1881, -78.12307692307692, 30.653846153846153), (1882, -40.89310344827586, 87.53793103448275), (1883, -41.263345195729535, 90.1), (1884, -42.507751937984494, 60.34177215189873), (1885, -48.11357340720222, 65.6657458563536), (1886, -41.21590909090909, 70.07670454545455), (1887, -39.87536231884058, 72.59428571428572), (1888, -40.421203438395416, 71.98850574712644), (1889, -27.58073654390935, 86.80681818181819)]
CA008204420, [(1881, 6.426865671641791, 92.62089552238805), (1882, 5.446575342465754, 91.55342465753425), (1883, 8.778082191780822, 101.23287671232876), (1884, 8.480874316939891, 100.6256830601093), (1885, 15.794520547945206, 112.07397260273973), (1886, 27.42032967032967, 129.29395604395606), (1887, 12.868493150684932, 107.6), (1888, 9.633879781420765, 97.67486338797814), (1889, 31.073972602739726, 121.66575342465754)]
CA008300298, [(1880, 3.271978021978022, 91.6456043956044), (1881, 6.145205479452055, 89.75274725274726), (1882, -1.1232876712328768, 85.38356164383562), (1883, -4.336986301369863, 87.36986301369863), (1884, -5.60655737704918, 84.61748633879782), (1885, -0.07945205479452055, 92.32876712328768), (1886, -33.29834254143646, 61.92265193370166), (1888, 54.54347826086956, 125.35326086956522), (1889, 30.15068493150685, 107.17260273972603)]
CA008300430, [(1889, 35.3, 122.68571428571428)]
CE000043497, [(1880, 237.01381215469613, 306.5382513661202), (1881, 239.47671232876712, 302.8493150684931), (1882, 236.92876712328768, 301.3424657534247), (1883, 233.986301369863, 300.2191780821918), (1884, 233.15300546448088, 292.77322404371586), (1885, 234.4931506849315, 290.8109589041096), (1886, 233.31506849315068, 288.6011235955056), (1887, 230.06849315068493, 295.44884488448844), (1888, 233.30601092896174, 304.0464480874317), (1889, 235.78082191780823, 306.6876712328767)]
CYE00100074, [(1881, 138.73793103448276, 275.9597315436242), (1882, 84.61581920903954, 220.86524822695034), (1883, 67.87037037037037, 262.36164383561646), (1884, 97.44267515923566, 266.1878453038674), (1885, 119.03370786516854, 274.87772925764193), (1886, 108.99178082191781, 274.6868131868132), (1887, 118.9041095890411, 262.6191780821918), (1888, 124.93169398907104, 257.57923497267757), (1889, 135.24786324786325, 263.0412087912088)]
DA000027080, [(1880, 43.314207650273225, 109.77322404371584), (1881, 29.75890410958904, 91.95505617977528), (1882, 58.62465753424657, 112.67671232876712), (1883, 50.81369863013698, 104.59452054794521), (1884, 56.46174863387978, 109.13387978142076), (1885, 43.87945205479452, 101.9972602739726), (1886, 42.94794520547945, 103.9068493150685), (1887, 40.85753424657534, 102.65479452054795), (1888, 34.885245901639344, 90.30054644808743), (1889, 49.1013698630137, 106.69315068493151)]
DA000030380, [(1880, 34.21584699453552, 113.31147540983606), (1881, 24.84931506849315, 99.56438356164384), (1882, 47.62191780821918, 124.11506849315069), (1883, 40.28219178082192, 113.6), (1884, 45.35245901639344, 121.1584699453552), (1885, 30.153424657534245, 112.40547945205479), (1886, 32.4, 114.79178082191781), (1887, 32.26849315068493, 110.02465753424657), (1888, 29.05191256830601, 98.2103825136612), (1889, 39.726027397260275, 112.02191780821917)]
GM000004063, [(1880, 42.65846994535519, 127.47267759562841), (1881, 37.88493150684931, 118.67671232876712), (1882, 44.10526315789474, 131.51246537396122), (1883, 43.945205479452056, 130.586301369863), (1884, 46.41803278688525, 136.42896174863387), (1885, 40.59452054794521, 135.4794520547945), (1886, 46.71506849315068, 139.73150684931508), (1887, 29.6, 123.26027397260275), (1888, 34.45628415300546, 122.5464480874317), (1889, 39.16986301369863, 125.58082191780822)]
GM000004204, [(1880, 33.63661202185792, 149.81967213114754), (1881, 24.578082191780823, 130.9041095890411), (1882, 43.25479452054795, 141.05479452054794), (1883, 36.85205479452055, 134.2931506849315), (1884, 41.45355191256831, 140.35245901639345), (1885, 31.421917808219177, 132.4986301369863), (1886, 33.676712328767124, 138.3945205479452), (1887, 25.56986301369863, 123.42191780821918), (1888, 29.453551912568305, 127.34699453551913), (1889, 34.49315068493151, 129.04383561643834)]
HRE00105189, [(1880, 131.36338797814207, 192.9344262295082), (1881, 127.56712328767124, 188.7972602739726), (1882, 134.27123287671233, 200.06849315068493), (1883, 128.37808219178083, 193.7917808219178), (1884, 126.95081967213115, 194.35245901639345), (1885, 136.07671232876712, 200.44109589041096), (1886, 135.986301369863, 200.75068493150684), (1887, 130.7068493150685, 199.04657534246576), (1888, 126.94535519125684, NULL), (1889, 108.74585635359117, NULL)]
RSM00022845, [(1886, 0.6306306306306306, NULL), (1887, -67.64238410596026, NULL)]
RSM00028440, [(1881, -25.5748502994012, NULL), (1882, -43.97095435684647, NULL), (1885, -139.86885245901638, -62.08196721311475), (1886, -33.66849315068493, 52.320547945205476), (1888, -43.18852459016394, 89.72540983606558), (1889, -108.23868312757202, 58.41917808219178)]
RSM00032061, [(1881, -45.53611111111111, NULL), (1882, -40.583561643835615, NULL), (1883, -54.704109589041096, NULL), (1884, -68.38251366120218, NULL), (1885, -64.02465753424657, NULL), (1886, -44.843835616438355, NULL), (1887, -53.52054794520548, NULL), (1888, -48.35245901639344, NULL), (1889, -66.36712328767123, NULL)]
TS000060765, [(1887, 122.47802197802197, 258.532967032967), (1888, 99.45054945054945, 229.34806629834253), (1889, 137.02191780821917, 256.3972602739726)]
UK000056225, [(1880, 59.967213114754095, 134.1120218579235), (1881, 55.22802197802198, 132.85479452054796), (1882, 64.47397260273972, 138.3041095890411), (1883, 62.02465753424657, 136.5013698630137), (1884, 64.82513661202186, 144.28688524590163), (1885, 54.172602739726024, 129.56712328767122), (1886, 55.8027397260274, 129.5945205479452), (1887, 46.00547945205479, 129.06849315068493), (1888, 52.0, 122.8688524590164), (1889, 54.93972602739726, 128.45205479452054)]
UPM00033587, [(1885, 12.885245901639344, NULL), (1887, 25.36986301369863, 127.73150684931507), (1888, 20.06528189910979, 127.1839762611276), (1889, 16.19402985074627, 103.96417910447761)]
USC00015555, [(1880, 144.35792349726776, 242.68579234972677), (1881, 142.63835616438357, 246.2821917808219), (1882, 141.63013698630138, 243.413698630137), (1883, 143.5068493150685, 250.7917808219178), (1884, 133.6120218579235, 242.1120218579235), (1885, 121.38356164383562, 228.1205479452055), (1886, 127.41643835616438, 231.15342465753426), (1887, 135.55616438356165, 242.6958904109589), (1888, 134.47267759562843, 239.44535519125682), (1889, 128.83013698630137, 242.05479452054794)]
USC00034251, [(1880, 124.70604395604396, 217.84615384615384), (1881, 129.92307692307693, 224.0054945054945), (1882, 129.87671232876713, 219.36438356164385), (1883, 121.39118457300276, 222.8870523415978), (1884, 116.27671232876712, 218.35068493150686), (1885, 114.9478021978022, 219.4120879120879), (1886, 104.47397260273972, 204.95342465753424), (1887, 113.04931506849314, 225.16712328767125), (1888, 110.41436464088397, 212.5785123966942), (1889, 117.19832402234637, 218.9607843137255)]
USC00061536, [(1885, 17.305295950155763, 152.94637223974763), (1886, 13.962616822429906, 139.784375), (1887, -78.73728813559322, 45.33898305084746)]
USC00065445, [(1884, -44.40816326530612, 36.208333333333336), (1885, 2.643835616438356, 113.20547945205479), (1886, 16.52054794520548, 122.73972602739725), (1887, -105.45762711864407, -10.322033898305085)]
USC00117391, [(1880, 151.6413043478261, 281.9347826086956), (1888, -43.58064516129032, 53.45161290322581), (1889, 44.654794520547945, 158.46027397260275)]
USC00194875, [(1885, 7.558904109589041, 136.33698630136988), (1886, 13.24931506849315, 142.2821917808219), (1887, 15.819178082191781, 142.35616438356163), (1888, 7.254098360655738, 131.3169398907104), (1889, 40.49258160237389, 160.4807121661721)]
USC00241418, [(1882, -78.0, -11.0)]
USC00260507, [(1887, -13.340659340659341, 91.17582417582418), (1888, 33.34530386740332, 163.19945355191257), (1889, 17.314685314685313, 175.13636363636363)]
USC00266252, [(1888, 14.446022727272727, 183.33879781420765), (1889, 6.798165137614679, 198.57808219178082)]
USC00331662, [(1880, 57.42622950819672, 143.30327868852459), (1881, 58.276712328767125, 139.27123287671233), (1882, 56.27945205479452, 138.2), (1883, 41.865753424657534, 132.32876712328766), (1884, 48.15300546448088, 137.58743169398906), (1885, 36.364383561643834, 124.7068493150685), (1886, 44.6, 136.7068493150685), (1887, 49.23013698630137, 141.4794520547945), (1888, 47.060109289617486, 132.73224043715848), (1889, 59.8054794520548, 140.64657534246575)]
USC00363711, [(1888, 89.90760869565217, 172.52173913043478), (1889, 69.56438356164384, 153.26575342465753)]
USC00456109, [(1880, 43.648648648648646, 137.95810055865923), (1881, 53.09880239520958, 138.45209580838323), (1882, 50.536986301369865, 141.75616438356164), (1883, 52.397260273972606, 146.74246575342465), (1884, 53.53551912568306, 150.35792349726776), (1885, 59.084931506849315, 168.36438356164385), (1886, 53.704109589041096, 155.4931506849315), (1887, 47.15890410958904, 144.1205479452055), (1888, 55.885245901639344, 157.47540983606558), (1889, 54.49315068493151, 165.16164383561645)]
USC00466207, [(1880, 80.82222222222222, 176.125), (1881, 80.30958904109589, 174.22465753424657), (1882, 75.83287671232877, 166.23561643835617), (1883, -21.355555555555554, 77.16666666666667)]
USW00014936, [(1881, 45.29347826086956, 161.40217391304347), (1882, 5.947945205479452, 133.3178082191781), (1883, -10.898630136986302, 114.93698630136986), (1884, -10.092896174863387, 119.85792349726776), (1885, -1.6465753424657534, 122.10684931506849), (1886, -6.978082191780822, 130.44931506849315), (1887, -13.158904109589042, 121.62465753424658), (1888, -14.172131147540984, 120.0464480874317), (1889, 0.3972602739726027, 138.47397260273974)]
USW00024128, [(1880, 2.9201183431952664, 172.28994082840237), (1881, 17.4, 173.41095890410958), (1882, 4.421917808219178, 159.96438356164384), (1883, -29.64457831325301, 123.53012048192771), (1884, -51.483870967741936, 66.3225806451613), (1885, 33.364383561643834, 180.7917808219178), (1886, 17.13150684931507, 177.4191780821918), (1887, 7.306849315068493, 178.73150684931508), (1888, 19.90983606557377, 178.39617486338798), (1889, 20.66849315068493, 179.0904109589041)]
UZM00038457, [(1881, 116.0, 240.63837638376384), (1882, 104.96026490066225, 198.76923076923077), (1883, 105.08088235294117, 216.35029940119762), (1884, 139.34444444444443, 168.28476821192052), (1889, -127.61290322580645, NULL)]
