AGE00147713, [(1880, 79.93939393939394, 207.63287671232877), (1881, 79.34246575342466, 214.39178082191782), (1882, 69.0415512465374, 210.47619047619048), (1886, 97.62949640287769, 222.97491039426524), (1887, 82.69578313253012, 205.98159509202455), (1888, 74.66101694915254, 203.2130681818182), (1889, 69.1455938697318, 173.63636363636363)]
ASN00094029, [(1882, 69.81454545454545, 148.36), (1883, 88.48209366391184, 170.14958448753464), (1884, 76.4478021978022, 165.17403314917127), (1885, 75.40273972602739, 163.37808219178083), (1886, 73.71232876712328, 164.13150684931506), (1887, 77.21095890410959, 170.52328767123288), (1888, 71.76923076923077, 167.4010989010989), (1889, 79.87671232876713, 169.33698630136988)]
CA001104468, [(1880, 32.540192926045016, 117.016077170418), (1881, 46.33482142857143, 142.12389380530973), (1882, -7.285714285714286, 64.16666666666667)]
CA004016320, [(1883, -18.30841121495327, 102.96261682242991), (1884, -70.48189415041783, 48.51532033426184), (1885, -50.635616438356166, 65.96986301369863), (1886, -53.12054794520548, 74.22465753424657), (1887, -68.13150684931507, 53.153424657534245), (1888, -55.80054644808743, 58.778688524590166), (1889, -34.58904109589041, 102.89315068493151)]
CA005011760, [(1880, NULL, -144.05882352941177), (1881, -28.142045454545453, 55.106849315068494), (1882, -57.06849315068493, 61.945205479452056), (1883, -91.8958904109589, 37.6), (1884, -83.2103825136612, 45.00819672131148), (1885, -80.2986301369863, 54.81917808219178), (1886, -79.1917808219178, 69.03287671232877), (1887, -86.02465753424657, 57.515068493150686), (1888, -76.51092896174863, 58.17486338797814), (1889, -52.917808219178085, 100.69589041095891)]
CA006113000, [(1880, 0.13424657534246576, 110.23013698630137), (1881, 4.337912087912088, 115.71703296703296), (1882, 4.233516483516484, 107.68406593406593), (1883, -17.202739726027396, 93.23351648351648), (1884, -4.975342465753425, 106.88219178082191), (1885, -20.794520547945204, 91.10989010989012), (1886, -4.03013698630137, 102.77808219178083), (1887, -7.7162534435261705, 114.44903581267218), (1888, -17.636111111111113, 98.075), (1889, 2.3287292817679557, 116.65013774104683)]
CA006124127, [(1880, 33.78947368421053, 127.90883977900552), (1881, -41.53146853146853, 125.38028169014085), (1882, NULL, 123.76571428571428), (1883, 36.296551724137935, 107.92613636363636), (1884, 23.370473537604457, 117.70752089136491), (1885, 9.306358381502891, 106.22543352601156), (1886, 28.01197604790419, 121.08083832335329), (1888, 1.4325153374233128, 99.7760736196319), (1889, 29.501483679525222, 121.19584569732937)]
CA006124700, [(1886, 53.546728971962615, 163.093896713615), (1887, 12.852054794520548, 122.84657534246575), (1888, 3.6346153846153846, 110.9945205479452), (1889, 22.254794520547946, 124.04109589041096)]
CA006136643, [(1880, 40.46448087431694, 121.37978142076503), (1881, 38.63835616438356, 125.37808219178082), (1882, 39.36164383561644, 120.38356164383562), (1883, 19.12054794520548, 104.81369863013698), (1884, 30.7103825136612, 112.6256830601093), (1885, 16.517808219178082, 102.73150684931507), (1886, 29.235616438356164, 113.4958904109589), (1887, 29.764383561643836, 123.63013698630137), (1888, 20.93169398907104, 112.16666666666667), (1889, 39.15890410958904, 130.54520547945205)]
CA006139445, [(1880, -3.1311475409836067, 74.78703703703704), (1881, 16.01851851851852, 125.16666666666667), (1882, -21.66393442622951, 72.9672131147541), (1883, 8.118457300275482, 115.16804407713498), (1884, 14.603351955307263, 118.70111731843575), (1885, 0.02556818181818182, 103.52991452991454), (1886, 18.483870967741936, 119.60410557184751)]
CA006155876, [(1882, 18.941176470588236, 106.59663865546219), (1883, 4.183561643835616, 99.62912087912088), (1884, 8.132231404958677, 118.10989010989012), (1885, -1.3424657534246576, 107.40934065934066), (1886, 10.265193370165745, 113.17403314917127), (1887, 9.30110497237569, 117.49447513812154), (1888, -30.008196721311474, 70.04098360655738), (1889, 20.575342465753426, 121.56712328767124)]
CA006165716, [(1880, 9.114369501466276, 116.02932551319648), (1882, 13.695652173913043, 168.1604938271605), (1884, 9.829090909090908, 144.04727272727274), (1885, -12.254098360655737, 133.95901639344262), (1886, -13.601719197707736, 137.2327868852459), (1887, -34.63013698630137, 112.21917808219177), (1888, -35.71947194719472, 79.92079207920793), (1889, 8.570605187319885, 103.82492581602374)]
CA008105600, [(1886, -101.64150943396227, -0.4716981132075472), (1887, -26.967845659163988, 94.81957186544342), (1888, -14.170212765957446, 87.21325648414985), (1889, 2.9367469879518073, 112.89714285714285)]
CA008202198, [(1880, 14.647540983606557, 111.0), (1881, 20.21095890410959, 106.93972602739726), (1882, 14.693370165745856, 103.53591160220995), (1883, 7.86027397260274, 103.6986301369863), (1884, 15.710382513661202, 105.35519125683061), (1885, 16.12876712328767, 112.56164383561644), (1886, 22.92054794520548, 116.4904109589041), (1887, 14.953424657534246, 112.9068493150685), (1888, 11.808743169398907, 101.51092896174863), (1889, 35.37260273972603, 125.54520547945205)]
CA008300441, [(1880, -9.581967213114755, 91.17213114754098), (1881, -2.7793296089385473, 86.62011173184358), (1882, -10.746438746438747, 82.80626780626781), (1883, -17.506849315068493, 88.24931506849315), (1884, -14.07103825136612, 80.57103825136612), (1885, -9.824657534246576, 91.72876712328767), (1886, -4.082191780821918, 96.7972602739726), (1887, -11.876712328767123, 88.84657534246575), (1888, -11.238356164383562, 82.36612021857924), (1889, 8.6, 110.42465753424658)]
CE000434730, [(1880, 97.69850746268656, 187.34328358208955), (1881, 99.93956043956044, 201.64835164835165), (1882, 101.16438356164383, 190.82465753424657), (1883, 99.73424657534247, 193.04109589041096), (1884, 94.50546448087432, 194.4945355191257), (1885, 98.83791208791209, 198.40384615384616), (1886, 101.28767123287672, 196.94505494505495), (1887, 95.95616438356164, 193.94246575342467), (1888, 98.73770491803279, 205.29508196721312), (1889, 103.19834710743801, 209.74794520547945)]
KZ000038198, [(1882, 99.70270270270271, NULL), (1883, 69.47887323943662, NULL)]
RSM00022550, [(1881, -17.97069597069597, 42.73260073260073), (1882, -10.113772455089821, 41.90718562874252), (1883, -7.616438356164384, 45.11506849315069), (1884, -31.76775956284153, 23.10655737704918), (1885, -32.81095890410959, 30.389041095890413), (1886, -11.715068493150685, 39.843835616438355), (1887, -17.073972602739726, 40.81095890410959), (1888, -40.10655737704918, 17.956284153005466), (1889, -8.016438356164384, 44.47123287671233)]
RSM00023711, [(1888, -66.14851485148515, NULL), (1889, -36.19867549668874, NULL)]
RSM00032071, [(1886, -64.2051282051282, NULL), (1887, -69.23988439306359, NULL), (1888, -63.986149584487535, NULL), (1889, -81.04347826086956, NULL)]
UK000047811, [(1880, 53.3551912568306, 123.80054644808743), (1881, 46.013698630136986, 115.14520547945206), (1882, 53.42739726027397, 123.57260273972602), (1883, 46.66575342465753, 121.46301369863014), (1884, 49.62841530054645, 129.3551912568306), (1885, 44.06027397260274, 120.25753424657535), (1886, 46.02739726027397, 116.78356164383561), (1887, 46.45205479452055, 123.67945205479452), (1888, 46.28142076502732, 119.22950819672131), (1889, 54.1945205479452, 125.33150684931506)]
UPM00033345, [(1881, 14.75328947368421, 83.98684210526316), (1882, 36.06575342465754, 115.91232876712328), (1883, 20.20059880239521, 93.16167664670658), (1884, 39.88486842105263, 107.02302631578948), (1885, 34.56986301369863, 116.33424657534246), (1886, 25.876712328767123, 110.15342465753425), (1887, 33.416438356164385, 114.24109589041096), (1888, 15.068306010928962, 104.3688524590164), (1889, 32.038356164383565, 112.4931506849315)]
USC00033466, [(1887, -13.774193548387096, 141.78571428571428), (1888, 95.37808219178082, NULL), (1889, 99.80494505494505, 246.20520231213874)]
USC00175070, [(1885, 118.38709677419355, 239.21875), (1886, -109.10526315789474, 205.42857142857142), (1887, -3.625, 242.1), (1888, -21.7, 226.33333333333334), (1889, -33.22222222222222, 235.21428571428572)]
USC00177827, [(1887, 10.390728476821192, 108.95394736842105), (1888, -180.4, -53.6)]
USC00198374, [(1885, 71.64673913043478, 176.79738562091504), (1886, 38.07123287671233, 157.3945205479452), (1887, 40.714285714285715, 153.85479452054796), (1888, 19.57704918032787, 126.57377049180327), (1889, 56.97260273972603, 157.0986301369863)]
USC00215638, [(1886, -9.591780821917808, 103.41208791208791), (1887, -17.575342465753426, 95.30684931506849), (1888, -13.502732240437158, 86.67397260273972), (1889, 3.336986301369863, 115.52876712328766)]
USC00263515, [(1887, -33.07692307692308, 60.175), (1888, -2.4257425742574257, 127.79), (1889, 105.20276497695852, 261.6857142857143)]
USC00271678, [(1884, -46.57377049180328, 52.36065573770492), (1885, 15.276712328767124, 124.92876712328767), (1886, 24.942465753424656, 132.8027397260274), (1887, 25.80821917808219, 128.4027397260274), (1888, 17.469945355191257, 119.47814207650273), (1889, 35.23835616438356, 139.3901098901099)]
USC00278440, [(1886, 30.936893203883496, 178.1504854368932), (1887, -8.063186813186814, 133.7041095890411), (1888, -10.844262295081966, 121.74590163934427), (1889, 0.0, 322.0)]
USC00278854, [(1885, 42.840375586854464, 160.11057692307693), (1886, 0.949438202247191, 113.87845303867404), (1887, 5.88515406162465, 111.17058823529412), (1888, -15.397553516819572, 105.18983050847457), (1889, 14.927007299270073, 112.61924686192468)]
USC00278875, [(1885, 44.90217391304348, 150.2336956521739), (1886, -106.03389830508475, -32.13559322033898)]
USC00301010, [(1880, 48.650273224043715, 121.90983606557377), (1881, 45.054794520547944, 124.66027397260274), (1882, 46.915068493150685, 119.23561643835616), (1883, 30.5972602739726, 114.75342465753425), (1884, 37.549180327868854, 119.66939890710383), (1885, 27.69041095890411, 108.16438356164383), (1886, 40.44931506849315, 120.83561643835617), (1887, 42.515068493150686, 126.9972602739726), (1888, 32.96448087431694, 108.93989071038251), (1889, 49.484931506849314, 119.78356164383561)]
USC00406012, [(1883, 20.5, 138.45)]
USC00413257, [(1880, 118.80601092896175, 234.54644808743168), (1881, 115.32463768115942, 221.04347826086956), (1882, 113.95541401273886, 243.38535031847132), (1883, -8.26530612244898, 137.9387755102041)]
USC00462735, [(1889, 105.15217391304348, 166.54347826086956)]
USC00485355, [(1881, 878.0, 44.0)]
USW00013872, [(1880, 15.403846153846153, 116.11320754716981), (1887, 79.34979423868313, 184.89711934156378), (1889, 73.39944134078212, 190.60055865921788)]
USW00014838, [(1880, 4.912568306010929, 105.44262295081967), (1881, 2.5835616438356164, 79.5041095890411), (1882, 14.95068493150685, 106.53892215568862), (1883, -32.83287671232877, 82.01369863013699), (1884, -97.74590163934427, 9.073770491803279), (1885, 14.065573770491802, 108.99346405228758), (1886, -0.810958904109589, 97.94246575342466), (1887, 9.625748502994012, 103.06586826347305), (1888, -10.327868852459016, 75.5792349726776), (1889, 13.389041095890411, 96.01095890410959)]
