AGE00147719, [(1888, 93.06590257879657, 265.2011494252874), (1889, 87.18213058419244, 260.0740740740741)]
ASN00026026, [(1884, 94.87931034482759, 187.10526315789474), (1885, 93.16712328767123, 182.44729344729345), (1886, 91.87945205479453, 187.35616438356163), (1887, 94.06301369863014, 187.1917808219178), (1888, 91.42622950819673, 189.2431693989071), (1889, 94.78904109589041, 191.25753424657535)]
ASN00033046, [(1889, 224.16949152542372, 291.1551724137931)]
ASN00056017, [(1880, 75.8932584269663, 225.62640449438203), (1881, 67.28289473684211, 220.68975903614458), (1882, 60.14159292035398, 221.11209439528022), (1883, 52.16022099447514, 232.4931129476584), (1884, 72.86944444444444, 241.19166666666666), (1885, 116.52452830188679, 243.46212121212122), (1886, 100.75637393767705, 230.6590909090909), (1887, 99.03835616438356, 208.9890410958904), (1888, 89.43989071038251, 220.39890710382514), (1889, 113.90082644628099, 215.05769230769232)]
ASN00074128, [(1880, 85.58441558441558, 233.41479099678457), (1881, 77.69871794871794, 235.74679487179486), (1882, 85.4, 247.8483870967742), (1883, 83.86816720257235, 242.86495176848874), (1884, 75.37179487179488, 252.74358974358975), (1885, 76.87459807073955, 260.5176848874598), (1886, 69.2508038585209, 269.46945337620576), (1887, 77.68589743589743, 270.9392971246006), (1888, 67.95806451612903, 272.84565916398714), (1889, 84.60322580645162, 266.78709677419357)]
ASN00090015, [(1880, 104.39617486338798, 193.89890710382514), (1881, 102.0, 190.62465753424658), (1882, 100.55068493150685, 192.75068493150684), (1883, 104.08219178082192, 200.096875), (1884, 96.78595317725753, 188.40389972144845), (1885, 91.0813953488372, 181.62258953168043), (1886, 103.85595567867036, 186.70083102493075), (1887, 106.01652892561984, 182.4251700680272), (1888, 103.97540983606558, 181.23626373626374), (1889, 108.27945205479452, 185.81714285714287)]
CA001114620, [(1881, 38.68975903614458, 138.11746987951807), (1882, 35.85479452054795, 134.586301369863), (1883, 37.712574850299404, 145.69161676646706)]
CA006055095, [(1882, -35.78260869565217, 50.09782608695652)]
CA006085023, [(1882, 88.64, 217.12), (1883, -95.42068965517241, 47.234482758620686), (1886, 17.48971193415638, 141.3827160493827), (1887, -47.83934426229508, 113.93548387096774), (1888, -35.21132075471698, 108.45136186770428), (1889, -38.403225806451616, 119.78453038674033)]
CA006105887, [(1880, 6.108333333333333, 120.81111111111112), (1881, -50.064516129032256, 55.70322580645161), (1882, -34.59782608695652, 40.67391304347826), (1883, -17.36986301369863, 89.14246575342466), (1884, -15.857534246575343, 104.37808219178082), (1885, -21.912328767123288, 85.46301369863014), (1886, -8.906849315068493, 92.42465753424658), (1887, -11.535714285714286, 100.4532967032967), (1888, -8.375342465753425, 95.47945205479452), (1889, 6.482191780821918, 112.07671232876713)]
CA006107003, [(1885, 1.79672131147541, 129.33770491803278), (1886, -21.5, 107.96338028169014), (1887, -24.707988980716255, 110.72176308539945), (1888, -14.48396501457726, 117.25217391304348), (1889, -7.915966386554622, 121.88397790055248)]
CA006110549, [(1880, 8.178571428571429, 116.79945054945055), (1881, 8.81043956043956, 124.85989010989012), (1882, 10.038461538461538, 118.4065934065934), (1883, -8.857534246575343, 98.75342465753425), (1884, 2.5835616438356164, 109.11232876712329), (1885, -10.376373626373626, 93.72802197802197), (1886, -0.3259668508287293, 113.8393351800554), (1887, 2.087912087912088, 114.87637362637362)]
CA006113660, [(1880, -42.06716417910448, 86.32835820895522), (1881, -36.8159509202454, 115.2469512195122), (1882, -32.384892086330936, 122.36071428571428), (1883, -29.22222222222222, 97.04746835443038), (1884, -8.47985347985348, 108.82051282051282), (1885, -90.37810945273633, 29.218905472636816)]
CA006136694, [(1880, 34.068306010928964, 140.15300546448088), (1881, 32.95068493150685, 141.92876712328768), (1882, 33.57534246575342, 127.38630136986302), (1883, 9.926027397260274, 126.07558139534883), (1884, 19.97814207650273, 126.33333333333333), (1885, 6.260273972602739, 112.89315068493151), (1886, 21.583561643835615, 125.08493150684932), (1887, 23.69041095890411, 124.87671232876713), (1888, 16.398907103825138, 110.1775956284153), (1889, 33.07945205479452, 125.5013698630137)]
CA006139520, [(1880, 39.3343949044586, 149.64012738853503), (1881, 36.16932907348243, 149.65495207667732), (1882, 37.26282051282051, 144.01282051282053), (1883, 19.511182108626198, 133.56230031948883), (1884, 25.9171974522293, 143.0859872611465), (1885, 13.217252396166135, 128.65495207667732), (1886, 25.156549520766774, 144.89456869009584), (1887, 24.4185303514377, 146.2523961661342)]
CA006143780, [(1880, -35.15533980582524, 59.22018348623853), (1881, 27.395833333333332, 128.03424657534248), (1887, -51.77777777777778, 35.28169014084507), (1888, 7.5182926829268295, 121.52134146341463)]
CA007050200, [(1880, 20.009615384615383, 96.90291262135922), (1881, -13.386430678466077, 49.32941176470588), (1882, -16.627397260273973, 44.4027397260274), (1883, -23.931506849315067, 34.88493150684931), (1884, -27.44808743169399, 30.524590163934427), (1885, -16.068493150684933, 37.97534246575343), (1886, -5.720547945205479, 49.608219178082194), (1887, -14.306849315068494, 40.01917808219178), (1888, -7.076502732240437, 47.59836065573771), (1889, -0.4849315068493151, 53.553424657534244)]
CA008100500, [(1880, -17.0, 87.61980830670926), (1881, -56.85087719298246, 44.016949152542374), (1882, -21.20655737704918, 98.72786885245901), (1883, -48.42238267148014, 75.35018050541517), (1884, -27.674418604651162, 93.61627906976744), (1885, -22.20234604105572, 100.80351906158357), (1886, -23.392156862745097, 104.1484593837535), (1887, -35.76601671309192, 95.36944444444444), (1888, -24.799418604651162, 101.84507042253522), (1889, -2.2521246458923514, 127.47025495750708)]
GME00121258, [(1888, -10.229508196721312, 49.0655737704918), (1889, 42.26849315068493, 125.75616438356164)]
GMW00035032, [(1880, 60.59836065573771, 142.06284153005464), (1881, 52.723287671232875, 132.96438356164384), (1882, 60.8, 136.48219178082192), (1883, 58.397260273972606, 136.813698630137), (1884, 64.76775956284153, 144.83879781420765), (1885, 53.8054794520548, 133.75342465753425), (1886, 60.56164383561644, 140.96712328767123), (1887, 48.104109589041094, 125.40273972602739), (1888, 50.177595628415304, 124.22404371584699), (1889, 57.12876712328767, 130.27945205479452)]
RSM00024944, [(1882, -168.70909090909092, NULL)]
RSM00024959, [(1888, 9.462962962962964, 127.97619047619048), (1889, -110.3490909090909, NULL)]
RSM00026063, [(1881, -8.347945205479451, 67.18956043956044), (1882, 13.013698630136986, NULL), (1883, 4.638356164383562, 69.97520661157024), (1884, -2.0054644808743167, 70.81967213114754), (1885, 3.484931506849315, 78.12328767123287), (1886, 11.35890410958904, 81.6986301369863), (1887, 15.736986301369862, 80.8054794520548), (1888, -16.688524590163933, 56.87978142076503), (1889, 8.145205479452056, 78.76986301369863)]
RSM00026477, [(1881, -25.818791946308725, 53.68227424749164), (1882, 22.011204481792717, 94.00280112044818), (1883, 17.175824175824175, 97.31985294117646), (1884, 15.41795665634675, 107.80745341614907), (1885, 20.38719512195122, 107.60550458715596), (1886, 6.466480446927374, 97.80167597765363), (1887, 21.936507936507937, 109.66031746031746), (1888, -22.275862068965516, 73.253125), (1889, 3.8550724637681157, 106.2316715542522)]
RSM00029263, [(1884, -60.82779456193354, NULL), (1885, -75.18904109589042, NULL), (1886, -66.7013698630137, NULL), (1887, -73.16438356164383, 163.77011494252875), (1888, -77.4375, NULL), (1889, -78.34246575342466, NULL)]
RSM00031369, [(1881, -260.82142857142856, NULL), (1883, -14.766666666666667, NULL), (1884, -83.46666666666667, NULL), (1885, -79.15702479338843, NULL), (1886, -61.00568181818182, NULL), (1887, -64.48474576271187, NULL), (1888, -60.90633608815427, NULL), (1889, -59.17065868263473, NULL)]
TSE00147769, [(1886, 140.3840579710145, 233.2626728110599), (1887, 116.95774647887323, 231.7134831460674), (1888, 117.39520958083833, 231.70278637770897), (1889, 116.2262996941896, 229.27051671732522)]
TSE00147775, [(1886, 168.51282051282053, 254.18367346938774), (1887, 155.98554913294797, 229.3984962406015), (1888, 157.72727272727272, 219.51704545454547), (1889, 145.6024096385542, 236.15615615615616)]
USC00134049, [(1883, 87.68727272727273, 151.95636363636365), (1884, 58.15223880597015, 119.5223880597015), (1885, 33.26301369863014, 93.54246575342465), (1886, 47.446575342465756, 112.07123287671233), (1887, 44.4027397260274, 111.85753424657534), (1888, -189.80645161290323, -121.41935483870968)]
USC00174230, [(1885, -25.348837209302324, 57.252873563218394), (1886, 6.108882521489972, 112.81024096385542), (1887, -24.786713286713287, 75.11827956989248), (1888, -6.509578544061303, 74.6526717557252), (1889, 31.09667673716012, 116.67272727272727)]
USC00190595, [(1885, 79.84210526315789, 165.40758293838863), (1886, -1.539906103286385, 81.67136150234742), (1887, -99.72413793103448, -14.11864406779661), (1888, 8.350819672131147, 94.11475409836065), (1889, 14.821138211382113, 83.89430894308943)]
USC00193625, [(1885, -3.5543478260869565, NULL), (1886, 26.23076923076923, NULL), (1887, 27.635616438356163, NULL), (1888, 20.24858757062147, 383.0), (1889, 41.889830508474574, NULL)]
USC00194360, [(1885, 15.119565217391305, 90.22826086956522), (1886, 46.15890410958904, 126.5095890410959), (1887, 43.74175824175824, 123.66849315068494), (1888, 36.48087431693989, 115.17486338797814), (1889, 58.635820895522386, 131.5313432835821)]
USC00194795, [(1885, 74.33061224489796, 178.58775510204083), (1886, 32.88219178082192, 138.87671232876713), (1887, 36.9041095890411, 136.32602739726028), (1888, 25.161643835616438, 125.94808743169399), (1889, 45.48760330578512, 142.58356164383562)]
USC00200146, [(1887, 48.49065420560748, 176.39252336448598), (1888, -0.07923497267759563, 124.5), (1889, -13.750915750915752, 118.63157894736842)]
USC00260770, [(1889, 64.21632653061225, 178.37551020408162)]
USC00262030, [(1888, NULL, -140.16666666666666)]
USC00262708, [(1888, 78.98897058823529, 218.5970695970696), (1889, 8.494011976047904, 175.83880597014925)]
USC00279307, [(1886, -21.58, 122.93288590604027), (1887, -2.646067415730337, 111.61148648648648), (1889, -12.453038674033149, 127.11602209944752)]
USC00298072, [(1880, -3.278688524590164, 149.8224043715847), (1881, 41.410828025477706, 173.97452229299364), (1882, 32.950413223140494, 163.7123287671233), (1883, 3.915151515151515, 128.35151515151514), (1884, -59.14705882352941, 53.41935483870968), (1885, 30.663013698630138, 154.85479452054796), (1886, 31.643835616438356, 153.91232876712328), (1887, 35.277472527472526, 160.9945205479452), (1888, 37.73770491803279, 159.2054794520548), (1889, 37.463013698630135, 159.9972602739726)]
USC00338366, [(1880, 69.26502732240438, 153.38524590163934), (1881, 70.3013698630137, 151.23013698630137), (1882, 66.42465753424658, 147.6821917808219), (1883, 47.66301369863014, 137.5945205479452), (1884, 55.69125683060109, 144.34972677595627), (1885, 40.25205479452055, 128.57260273972602), (1886, 40.88767123287671, 138.72328767123287), (1887, 46.0027397260274, 142.7945205479452), (1888, 39.459016393442624, 134.34699453551912), (1889, 53.441095890410956, 145.90684931506848)]
USC00435733, [(1887, 18.284313725490197, 131.48692810457516), (1888, -10.702185792349727, 95.7103825136612), (1889, 9.101369863013698, 112.40821917808219)]
USC00469368, [(1881, NULL, -180.5)]
USC00474375, [(1880, 37.86612021857923, 131.75409836065575), (1881, 44.19178082191781, 130.03287671232877), (1882, 46.487671232876714, 130.15616438356165), (1883, 19.465753424657535, 107.31506849315069), (1884, 31.6775956284153, 117.8360655737705), (1885, 27.12876712328767, 113.17260273972603), (1886, 38.49589041095891, 133.27472527472528), (1887, 20.471232876712328, 128.6958904109589), (1888, 13.368852459016393, 109.17213114754098), (1889, 29.269972451790633, 133.90358126721762)]
USW00012945, [(1883, 196.2394366197183, 325.92056074766356), (1884, 192.85981308411215, 313.4766355140187), (1885, 198.58695652173913, 301.0869565217391), (1886, 197.00980392156862, 306.4019607843137), (1887, 192.65217391304347, 317.19565217391306), (1888, 193.45054945054946, 297.38461538461536)]
USW00014898, [(1886, -9.049180327868852, 82.71311475409836), (1887, 9.852054794520548, 110.41643835616438), (1888, 4.959016393442623, 98.57650273224044), (1889, 22.06027397260274, 113.27397260273973)]
USW00023271, [(1880, 86.46027397260274, 203.78630136986303), (1881, 99.56164383561644, 214.45479452054795), (1882, 93.37362637362638, 212.28021978021977), (1883, 93.07945205479452, 219.46849315068494), (1884, 98.73497267759562, 211.71038251366122), (1885, 110.64931506849315, 229.6767123287671), (1886, 94.27222222222223, 217.825), (1887, 87.87123287671233, 228.08767123287672), (1888, 97.72328767123288, 230.53698630136986), (1889, 96.44109589041096, 225.21369863013697)]
USW00053919, [(1883, 151.36, 293.58152173913044), (1884, 153.56140350877192, 293.2083333333333), (1885, 172.93023255813952, 301.9022988505747), (1886, 174.6457142857143, 306.1333333333333), (1887, 118.45238095238095, 316.3809523809524), (1888, 116.6875, 242.25), (1889, 103.90322580645162, 257.06451612903226)]
USW00093852, [(1880, 174.2295081967213, 259.0136612021858), (1881, 173.5917808219178, 257.9013698630137), (1882, 174.90684931506848, 258.6082191780822), (1883, 175.6931506849315, 260.7917808219178), (1884, 167.94808743169398, 255.37158469945356), (1885, 159.42191780821918, 247.27671232876713), (1886, 155.86575342465753, 245.43561643835616), (1887, 155.53424657534248, 252.73150684931508), (1888, 159.4808743169399, 257.344262295082), (1889, 151.2931506849315, 253.62465753424658)]
UZM00038618, [(1881, -9.8, NULL), (1882, 55.016666666666666, NULL), (1883, 68.41643835616438, NULL), (1884, 65.8224043715847, NULL), (1888, 83.08743169398907, NULL), (1889, 64.32054794520548, NULL)]
