AGE00147709, [(1884, 95.11748633879782, 189.33018867924528), (1885, 97.69041095890411, 197.72754491017963), (1886, 96.87671232876713, 182.85555555555555), (1887, 96.2958904109589, 183.53424657534248), (1888, 97.2967032967033, 176.82967032967034), (1889, 90.91445427728614, 174.68208092485548)]
AGE00147715, [(1886, 99.94444444444444, 227.25), (1887, 113.0, 266.73366834170855), (1888, 93.30113636363636, 238.87921348314606), (1889, 88.6687306501548, 237.90273556231003)]
ASN00035027, [(1889, 193.8860759493671, 319.7037037037037)]
ASN00038003, [(1888, 158.525, 328.0734463276836), (1889, 176.67123287671234, 329.94246575342464)]
AU000011801, [(1880, 36.8551912568306, 136.9672131147541), (1881, 36.14794520547945, 131.0191780821918), (1882, 37.827397260273976, 136.1123287671233), (1883, 31.964383561643835, 125.83561643835617), (1884, 44.5, 126.22131147540983), (1885, 40.76438356164383, 132.46849315068494), (1886, 46.57534246575342, 130.83013698630137), (1887, 39.42739726027397, 118.0), (1888, 42.08743169398907, 120.05191256830601)]
CA004019070, [(1884, -90.084388185654, 33.244725738396625)]
CA005012520, [(1883, -118.67826086956522, 6.9), (1884, -82.37362637362638, 41.797814207650276), (1885, -75.15426997245179, 53.0), (1886, -79.04383561643836, 63.30958904109589), (1887, -87.8, 51.78630136986301), (1888, -82.47790055248619, 47.467213114754095), (1889, -66.65934065934066, 88.85989010989012)]
CA005062047, [(1884, NULL, -45.0), (1885, -315.89230769230767, -215.3030303030303)]
CA006102417, [(1880, 19.841216216216218, 144.565371024735), (1881, 60.256410256410255, 184.33185840707964), (1882, -10.03323262839879, 121.87987012987013), (1883, -25.210227272727273, 106.58753709198812), (1884, -1.6254295532646048, 134.7344827586207), (1885, -36.7108843537415, 113.5513698630137)]
CA006108060, [(1880, -28.311475409836067, 100.5792349726776), (1881, -23.03287671232877, 109.96164383561644), (1882, -26.4027397260274, 98.37808219178082), (1883, -51.706849315068496, 83.74246575342465), (1884, -35.37158469945355, 95.30874316939891), (1885, -49.6986301369863, 84.24383561643836), (1886, -40.9013698630137, 95.21643835616439), (1887, -45.24931506849315, 98.4876712328767), (1888, -41.82513661202186, 86.56010928961749), (1889, -16.616438356164384, 106.23835616438356)]
CA006111375, [(1887, -51.12759643916914, 100.74794520547945), (1888, -44.704918032786885, 86.83879781420765), (1889, -20.18384401114206, 105.49025069637884)]
CA006119064, [(1886, -7.451086956521739, 124.64673913043478), (1887, -38.12876712328767, 99.2986301369863), (1888, -53.81693989071038, 93.91808873720136), (1889, -25.03361344537815, 107.26610644257703)]
CA006142284, [(1882, 7.8273972602739725, 108.92328767123287), (1883, -9.26801152737752, 96.95348837209302), (1885, -4.3076923076923075, 96.36438356164383), (1886, 5.989041095890411, 104.04109589041096), (1887, 5.698630136986301, 109.34520547945205), (1888, 2.2868852459016393, 99.90163934426229), (1889, 22.243835616438357, 115.58630136986301)]
CA006153192, [(1880, 32.54644808743169, 140.3415300546448), (1881, 17.84931506849315, 148.86301369863014), (1882, 13.64931506849315, 140.24383561643836), (1883, 0.07945205479452055, 125.9013698630137), (1884, 10.376373626373626, 137.3598901098901), (1885, -5.843406593406593, 121.12087912087912), (1886, 6.336986301369863, 132.7123287671233), (1887, -6.440828402366864, 136.5596590909091), (1888, -58.50847457627118, 55.78846153846154)]
CA006164430, [(1880, 11.304477611940298, 125.7641791044776), (1881, 3.83013698630137, 123.81369863013698), (1882, -0.6328767123287671, 113.94520547945206), (1883, -20.77900552486188, 97.59116022099448), (1884, -9.92054794520548, 113.1978021978022), (1885, -21.578082191780823, 98.69589041095891), (1886, -9.221917808219178, 113.05205479452054), (1887, -10.216438356164383, 116.14520547945206), (1888, -15.819672131147541, 105.44535519125684), (1889, 7.2027397260273975, 113.8986301369863)]
CA006165195, [(1886, -114.98360655737704, -3.7868852459016393), (1887, -38.93698630136986, 115.81643835616438), (1888, -41.377049180327866, 100.5327868852459), (1889, -15.849315068493151, 117.48493150684932)]
CA006166416, [(1880, 6.469178082191781, 126.9090909090909), (1881, 10.316993464052288, 131.77777777777777), (1882, 6.112179487179487, 122.7724358974359), (1883, -7.728155339805825, 107.91585760517799), (1884, 11.141643059490084, 123.11614730878188), (1885, -7.942465753424657, 110.5123287671233), (1886, -3.6016483516483517, 118.82142857142857), (1887, -15.690751445086706, 128.6986301369863)]
CA007056067, [(1880, -29.204918032786885, 62.387978142076506), (1881, -22.336088154269973, 67.3030303030303), (1882, -31.767123287671232, 57.79178082191781), (1883, -43.92602739726028, 55.66301369863014), (1884, -43.81147540983606, 51.17486338797814), (1885, -29.1768115942029, 52.0986301369863), (1886, -29.775342465753425, 57.83835616438356), (1887, -36.986301369863014, 50.0986301369863), (1888, -36.224043715846996, 48.95628415300546), (1889, -19.40821917808219, 66.43561643835616)]
CA008204480, [(1885, 4.576086956521739, 141.56521739130434), (1886, 0.8792270531400966, 91.77830188679245), (1887, -45.71910112359551, 11.247191011235955), (1888, -33.32258064516129, 25.225806451612904)]
CA008205698, [(1880, -2.4562841530054644, 99.13387978142076), (1881, 7.673972602739726, 96.84109589041095), (1882, 3.43013698630137, 93.44657534246575), (1883, -3.2986301369863016, 96.9068493150685), (1884, 1.5765027322404372, 96.35245901639344), (1885, 3.3232876712328765, 102.23561643835616), (1886, 17.345205479452055, 110.81369863013698), (1887, 8.23013698630137, 103.04931506849314), (1888, 6.7349726775956285, 97.47814207650273), (1889, 24.824657534246576, 122.62191780821918)]
DA000032030, [(1880, 53.33879781420765, 102.08196721311475), (1881, 41.05205479452055, 87.3972602739726), (1882, 61.726027397260275, 107.42191780821918), (1883, 50.78082191780822, 96.6082191780822), (1884, 57.4344262295082, 105.6584699453552), (1885, 53.153424657534245, 100.08219178082192), (1886, 52.536986301369865, 104.00821917808219), (1887, 51.49589041095891, 99.64931506849315), (1888, 41.521857923497265, 83.62290502793296), (1889, 50.057534246575344, 96.37808219178082)]
EZE00100082, [(1880, 58.71857923497268, 130.62568306010928), (1881, 47.778082191780825, 116.31506849315069), (1882, 61.273972602739725, 129.17808219178082), (1883, 55.1945205479452, 122.53972602739726), (1884, 60.1448087431694, 130.0655737704918), (1885, 56.967123287671235, 128.1068493150685), (1886, 58.893150684931506, 128.96438356164384), (1887, 48.942465753424656, 116.68219178082192), (1888, 49.27049180327869, 116.44535519125684), (1889, 56.16438356164384, 120.59178082191781)]
GG000037545, [(1881, 73.63287671232877, NULL), (1882, 79.6556886227545, NULL), (1883, 75.44383561643835, NULL), (1884, 71.19672131147541, NULL), (1885, 74.16164383561645, NULL), (1886, 72.37808219178082, NULL), (1887, 77.95616438356164, NULL), (1888, 77.92349726775956, 215.1413043478261), (1889, 92.7185628742515, 200.03892215568862)]
GM000003319, [(1880, 61.978142076502735, 140.35245901639345), (1881, 48.38082191780822, 125.21095890410959), (1882, 59.33150684931507, 137.9808219178082), (1883, 41.33424657534247, 129.4849315068493), (1884, 46.68852459016394, 137.30327868852459), (1885, 41.463013698630135, 126.40821917808219), (1886, 39.0027397260274, 131.13972602739727), (1887, 49.657534246575345, 121.66027397260274), (1888, 45.48360655737705, 115.98360655737704), (1889, 55.93698630136986, 124.82465753424657)]
KZ000035188, [(1884, -8.494565217391305, NULL), (1885, -45.01796407185629, NULL)]
RSM00027051, [(1883, -40.51086956521739, NULL), (1884, -52.84, NULL)]
RSM00028275, [(1887, -149.8360655737705, NULL), (1888, -51.743169398907106, NULL), (1889, -49.99452054794521, NULL)]
RSM00034110, [(1889, 0.17796610169491525, 83.17796610169492)]
USC00011685, [(1889, 180.140350877193, 310.87719298245617)]
USC00030936, [(1883, 191.14814814814815, 298.19417475728153), (1884, 137.75, 296.73015873015873), (1885, 187.568345323741, 307.0508474576271), (1886, 176.38181818181818, 298.97076023391816), (1887, 215.51470588235293, 326.09027777777777), (1888, 193.86486486486487, 302.6857142857143), (1889, 174.54807692307693, 279.0761904761905)]
USC00171100, [(1888, 30.797385620915033, 117.51633986928104), (1889, 35.8644578313253, 133.11854103343464)]
USC00172426, [(1889, 63.0, 124.8)]
USC00176902, [(1880, 48.833333333333336, 135.327868852459), (1881, 51.01917808219178, 131.18082191780823), (1882, 47.221917808219175, 131.46301369863014), (1883, 33.989041095890414, 125.42191780821918), (1884, 44.61748633879781, 130.39890710382514), (1885, 30.627397260273973, 121.64931506849315), (1886, 26.616438356164384, 111.9041095890411), (1887, 26.54794520547945, 110.62739726027397), (1888, 19.030054644808743, 101.08743169398907), (1889, 42.66849315068493, 119.59178082191781)]
USC00191650, [(1885, 46.49589041095891, 129.13424657534247), (1886, 49.05234159779614, 129.5702479338843), (1887, 46.43013698630137, 128.91232876712328), (1888, 40.64754098360656, 121.57103825136612), (1889, 61.66301369863014, 135.62465753424658)]
USC00201215, [(1889, 126.96774193548387, 214.20967741935485)]
USC00202466, [(1889, 149.11290322580646, 272.2096774193548)]
USC00252065, [(1889, 181.82051282051282, 292.37068965517244)]
USC00261395, [(1889, 86.73818181818181, 205.3822393822394)]
USC00268349, [(1888, -20.283185840707965, 127.92035398230088), (1889, -2.9541547277936964, 151.49137931034483)]
USC00271682, [(1880, 31.081967213114755, 156.52732240437157), (1881, 32.778082191780825, 149.53150684931506), (1882, 21.528767123287672, 145.91232876712328), (1883, 10.263013698630138, 137.95342465753424), (1884, 26.674863387978142, 132.84972677595627), (1885, 15.035616438356165, 126.72328767123288), (1886, 24.90684931506849, 134.84931506849315), (1887, 25.731506849315068, 129.67123287671234), (1888, 17.669398907103826, 120.96174863387978), (1889, 35.20821917808219, 141.2931506849315)]
USC00288878, [(1880, 101.07945205479452, 175.02739726027397), (1881, -44.610169491525426, 28.64406779661017), (1887, 130.93406593406593, 196.07142857142858), (1888, 90.25956284153006, 158.39617486338798), (1889, 99.35068493150685, 171.54246575342466)]
USC00319191, [(1883, 139.50467289719626, 230.47142857142856), (1887, 12.172413793103448, 117.79310344827586), (1888, 88.59228650137742, 206.11845730027548), (1889, 94.08611111111111, 202.8060941828255)]
USC00348285, [(1888, 22.0, 183.0)]
USC00367239, [(1884, 1.6065573770491803, 209.34426229508196), (1885, 35.974264705882355, 111.26838235294117), (1886, 40.97534246575343, 119.57260273972602), (1887, 36.79178082191781, 145.43835616438355), (1888, 29.887978142076502, 148.04644808743168), (1889, 47.657534246575345, 161.98626373626374)]
USC00383742, [(1884, 147.17757009345794, 286.55607476635515), (1885, 154.69021739130434, 283.6304347826087), (1886, 153.53658536585365, 291.8), (1887, 155.6611111111111, 296.3222222222222), (1888, 147.19626168224298, 281.06542056074767), (1889, 133.11267605633802, 262.51173708920186)]
USC00419421, [(1883, 193.3177570093458, 342.1448598130841), (1884, 185.08095238095237, 307.0379146919431), (1885, 191.0054347826087, 303.67934782608694), (1886, 200.88717948717948, 319.3948717948718), (1887, 203.42391304347825, 324.32608695652175), (1888, 162.06405693950177, 278.83274021352315)]
USC00481816, [(1881, 100.0, 267.0)]
USW00013724, [(1880, 77.79508196721312, 157.9672131147541), (1881, 79.68767123287671, 150.9095890410959), (1882, 76.27671232876712, 149.94520547945206), (1883, 68.96438356164384, 143.73698630136985), (1884, 76.5327868852459, 152.38251366120218), (1885, 65.78630136986301, 145.06575342465754), (1886, 69.33972602739726, 148.01643835616437), (1887, 75.58356164383562, 150.2986301369863), (1888, 65.17213114754098, 143.77868852459017), (1889, 80.64657534246575, 146.2219178082192)]
