AGE00147708, [(1886, 128.05498281786942, 255.4794520547945), (1887, 113.0625, 235.2840909090909), (1888, 112.202216066482, 235.26315789473685), (1889, 100.53658536585365, 227.95294117647057)]
AGE00147720, [(1888, 56.67289719626168, 219.3827160493827), (1889, 51.63548387096774, 214.6372239747634)]
AM000037789, [(1886, 45.172602739726024, NULL), (1887, 49.21643835616438, NULL), (1888, -15.262295081967213, NULL), (1889, 62.76438356164383, NULL)]
ASN00015540, [(1880, 124.64207650273224, 306.5109289617486), (1881, 133.05205479452056, 303.55890410958904), (1882, 133.57260273972602, 284.91506849315067), (1883, 120.37637362637362, 298.05753424657536), (1884, 126.74863387978142, 299.6639344262295), (1885, 118.48901098901099, 296.6849315068493), (1886, 124.30684931506849, 295.1868131868132), (1887, 122.47397260273972, 289.90410958904107), (1888, 133.2554945054945, 301.22677595628414), (1889, 139.15890410958903, 301.213698630137)]
ASN00076077, [(1889, 96.86138613861387, 225.26237623762376)]
ASN00086071, [(1880, 99.3415300546448, 194.05191256830602), (1881, 95.26575342465753, 194.9150684931507), (1882, 95.13424657534246, 198.4849315068493), (1883, 97.67123287671232, 199.92054794520547), (1884, 92.66939890710383, 192.9016393442623), (1885, 95.03835616438356, 189.72602739726028), (1886, 90.45753424657535, 191.16712328767125), (1887, 99.77260273972603, 190.45753424657534), (1888, 92.98907103825137, 192.77868852459017), (1889, 99.66027397260274, 195.3095890410959)]
AU000005010, [(1880, 49.94808743169399, 122.77322404371584), (1881, 40.084931506849315, 111.52602739726028), (1882, 49.43287671232877, 122.8082191780822), (1883, 45.8027397260274, 116.21917808219177), (1884, 49.60109289617486, 124.83333333333333), (1885, 45.26301369863014, 121.13972602739726), (1886, 49.1945205479452, 120.56438356164384), (1887, 40.054794520547944, 110.43287671232876), (1888, 40.51912568306011, 109.35792349726776), (1889, 44.29041095890411, 109.48493150684932)]
CA001090660, [(1888, -22.35223880597015, 110.15625), (1889, -21.29639889196676, 80.1606648199446)]
CA001167635, [(1882, -33.05084745762712, 64.77966101694915), (1883, 27.09880239520958, 65.0754716981132), (1884, 45.996350364963504, 167.6970802919708), (1888, 57.858108108108105, 166.77027027027026), (1889, 42.55807365439094, 162.80845070422535)]
CA003012195, [(1880, -39.47674418604651, 76.27906976744185), (1881, -70.70890410958904, 44.43728813559322), (1882, -53.17796610169491, 75.05633802816901), (1883, -64.55014326647564, 71.59312320916905), (1884, -60.01652892561984, 78.65564738292011), (1885, -42.40547945205479, 96.16712328767123), (1886, -53.556164383561644, 83.16712328767123), (1887, -76.25641025641026, 65.29235880398672), (1888, -47.060109289617486, 77.54098360655738), (1889, -15.112328767123287, 116.6054794520548)]
CA003033879, [(1886, 35.877450980392155, 168.83333333333334), (1887, -208.72881355932202, -99.89830508474576)]
CA003050520, [(1887, -193.41176470588235, -74.17647058823529), (1888, -134.1931818181818, -7.034090909090909), (1889, -86.03973509933775, 59.794701986754966)]
CA003072657, [(1883, -181.83132530120483, -109.92682926829268), (1884, -82.10684931506849, 23.189560439560438), (1885, -71.28531855955679, 22.448467966573816), (1886, -89.40495867768595, -4.002754820936639), (1887, -188.125, -106.06008583690988), (1888, -49.58361774744027, 34.59154929577465), (1889, -67.59025787965616, 24.616045845272208)]
CA004013480, [(1889, -88.67272727272727, 52.1875)]
CA005022547, [(1880, -65.80601092896175, 62.44808743169399), (1881, -53.50410958904109, 77.06027397260274), (1882, -77.54605263157895, 57.36842105263158), (1883, -87.62191780821918, 52.6986301369863), (1884, -76.9672131147541, 57.40710382513661), (1885, -52.68904593639576, 78.85159010600707)]
CA005022790, [(1880, -59.581717451523545, 63.96338028169014), (1881, -39.51304347826087, 105.46666666666667), (1882, NULL, 77.98520710059172), (1883, -68.53221288515407, 46.39171974522293), (1884, -62.24657534246575, 59.87123287671233), (1885, -71.55524861878453, 67.57617728531856), (1886, -60.035714285714285, 75.50824175824175), (1887, -70.20821917808219, 65.24657534246575), (1888, -61.40163934426229, 69.58196721311475), (1889, -44.443835616438356, 100.18630136986302)]
CA005063350, [(1880, -133.3306010928962, -43.904371584699454), (1881, -118.65205479452055, -18.378082191780823), (1882, -106.68219178082192, -4.16986301369863), (1883, -220.9880239520958, -130.67664670658684), (1885, -177.6086956521739, -117.81521739130434), (1886, -125.3013698630137, -39.515068493150686), (1887, -150.42739726027398, -60.704109589041096), (1888, -133.92896174863387, -53.404371584699454), (1889, -115.25943396226415, -22.30188679245283)]
CA006046588, [(1880, -53.23224043715847, 65.81420765027322), (1881, -37.47945205479452, 77.72876712328767), (1882, -33.67123287671233, 78.12602739726027), (1883, -68.17534246575343, 61.583561643835615), (1884, -54.775956284153004, 64.82786885245902), (1885, -54.772602739726025, 57.772602739726025), (1886, -44.72054794520548, 68.16986301369863), (1887, -49.76986301369863, 63.989041095890414), (1888, -50.31693989071038, 59.560109289617486), (1889, -29.126027397260273, 85.24931506849315)]
CA006075400, [(1880, -72.24793388429752, 34.92286501377411), (1881, -67.23615160349854, 41.08163265306123), (1882, -189.00757575757575, -64.71212121212122), (1889, -127.34177215189874, -27.696202531645568)]
CA006094450, [(1880, 5.4316939890710385, 98.09289617486338), (1881, -8.095238095238095, 86.96666666666667), (1886, 30.017241379310345, 124.98850574712644), (1887, -7.598337950138504, 101.16388888888889), (1888, -9.028011204481793, 87.24649859943978), (1889, 14.408219178082192, 108.74520547945205)]
CA006100969, [(1885, 28.350993377483444, 122.58940397350993), (1886, 14.73816155988858, 113.6878453038674)]
CA006101872, [(1880, 8.969945355191257, 121.81693989071039), (1881, 14.136986301369863, 120.79452054794521), (1882, 6.695890410958904, 110.77808219178083), (1883, -8.975342465753425, 103.96712328767123), (1884, 3.210382513661202, 109.74863387978142), (1885, -6.901369863013699, 97.46301369863014), (1886, 1.4465753424657535, 109.98901098901099), (1887, -2.6904109589041094, 108.22191780821917)]
CA006110458, [(1889, -45.98360655737705, 43.47540983606557)]
CA006110605, [(1880, -17.1775956284153, 104.93442622950819), (1881, -12.126027397260273, 116.79178082191781), (1882, -18.528767123287672, 103.2986301369863), (1883, -38.99178082191781, 84.86301369863014), (1884, -22.3551912568306, 95.34520547945205), (1885, -32.0986301369863, 80.13424657534246), (1886, -21.421917808219177, 92.67671232876712), (1887, -26.257534246575343, 97.28219178082192), (1888, -26.595628415300546, 84.10928961748634), (1889, -1.5178082191780822, 102.88493150684931)]
CA006112171, [(1882, 13.204918032786885, 94.48360655737704), (1883, -0.7890410958904109, 85.69315068493151), (1884, 11.221917808219178, 101.10684931506849), (1885, -2.304109589041096, 86.47802197802197), (1886, 10.537396121883656, 103.06060606060606), (1887, 9.069832402234637, 106.05263157894737), (1888, -1.5534246575342465, 93.4532967032967), (1889, 18.220055710306408, 111.6340782122905)]
CA006116128, [(1880, 15.78688524590164, 117.68032786885246), (1881, 20.136986301369863, 128.03013698630136), (1882, 9.167123287671233, 110.48219178082192), (1883, -14.199445983379501, 92.14681440443213), (1884, -6.502732240437158, 101.21095890410959), (1885, -24.057692307692307, 84.68406593406593), (1886, 4.851485148514851, 102.3036303630363), (1887, -10.437673130193906, 113.36754966887418), (1888, 10.626865671641792, 109.83283582089553), (1889, 12.386301369863014, 111.76438356164384)]
CA006122845, [(1880, 39.63387978142077, 119.19125683060109), (1881, 36.55068493150685, 119.78356164383561), (1882, 41.02465753424657, 119.36986301369863), (1883, 17.027397260273972, 102.45479452054795), (1884, 29.07103825136612, 112.60928961748634), (1885, 10.95068493150685, 97.8986301369863), (1886, 23.065753424657533, 108.66027397260274), (1887, 24.361643835616437, 112.69589041095891)]
CA006140941, [(1881, 74.35249042145594, 202.05343511450383), (1882, 21.99142857142857, 131.8942857142857), (1883, -42.121212121212125, 69.74242424242425), (1884, 8.786703601108034, 127.65927977839335), (1885, -4.590909090909091, 111.2215909090909), (1886, 27.87037037037037, 127.10364145658264), (1887, 17.02770083102493, 135.6778711484594), (1888, 6.59065934065934, 122.57575757575758), (1889, -34.20666666666666, 74.63333333333334)]
CA006144505, [(1883, 27.326797385620914, 139.52287581699346), (1884, 13.167123287671233, 119.95342465753424), (1885, 1.5041095890410958, 103.7972602739726), (1886, 14.578082191780823, 116.37534246575342), (1887, 17.873972602739727, 120.44109589041096), (1888, 10.565573770491802, 110.13661202185793), (1889, 27.553424657534247, 126.54246575342465)]
CA006147340, [(1888, -57.064516129032256, 10.32258064516129), (1889, 21.019178082191782, 125.9972602739726)]
CA006158350, [(1880, 30.918032786885245, 118.86065573770492), (1881, 32.93150684931507, 124.21369863013699), (1882, 31.076712328767123, 117.89315068493151), (1883, 6.402739726027397, 100.95616438356164), (1884, 16.516393442622952, 111.07103825136612), (1885, 4.287671232876712, 98.61643835616438), (1886, 18.03287671232877, 110.02739726027397), (1887, 19.356164383561644, 114.6054794520548), (1888, 13.60655737704918, 105.74863387978142), (1889, 32.704109589041096, 118.75068493150685)]
CA006163156, [(1888, 26.438095238095237, 145.6904761904762), (1889, -4.002747252747253, 108.51780821917808)]
CA007016280, [(1880, -14.005464480874316, 90.32786885245902), (1881, -5.635616438356164, 91.45205479452055), (1882, -17.16986301369863, 81.94794520547946), (1883, -27.972602739726028, 74.45753424657535), (1884, -16.07123287671233, 77.83835616438355), (1885, -24.61917808219178, 72.4931506849315), (1886, -18.372602739726027, 80.73424657534247), (1887, -16.794520547945204, 75.6986301369863), (1888, -19.243169398907103, 66.53825136612022), (1889, 1.736986301369863, 85.73972602739725)]
CA008104500, [(1883, -47.5735294117647, 73.10958904109589)]
CA008200150, [(1880, -57.935483870967744, NULL), (1881, -39.26775956284153, 17.785714285714285), (1882, -14.825, 114.31899641577061), (1883, -25.854166666666668, 119.88333333333334), (1885, 24.322580645161292, 139.6451612903226), (1886, -45.5472972972973, 80.61486486486487), (1887, 69.51724137931035, 197.17241379310346), (1888, -82.93939393939394, 6.967741935483871)]
CA008205988, [(1880, -6.401639344262295, 113.03825136612022), (1881, -0.8622589531680441, 107.98618784530387), (1882, -5.458563535911602, 103.91735537190083), (1883, -20.635258358662615, 94.42944785276073), (1884, -3.284507042253521, 104.46796657381616), (1885, -3.9519774011299433, 112.57062146892656), (1886, 7.198895027624309, 117.35812672176309), (1887, -3.3333333333333335, 110.31932773109244), (1888, -2.069060773480663, 100.85635359116021), (1889, 17.818181818181817, 125.12947658402204)]
DA000021100, [(1880, 49.885245901639344, 106.38524590163935), (1881, 33.31506849315068, 84.86301369863014), (1882, 57.33150684931507, 106.41643835616438), (1883, 49.775342465753425, 100.41643835616438), (1884, 57.87431693989071, 107.76775956284153), (1885, 45.104109589041094, 93.9945205479452), (1886, 42.875, 97.41369863013699), (1887, 44.97808219178082, 97.13424657534246), (1888, 38.98082191780822, 87.04918032786885), (1889, 55.26575342465753, 104.16164383561645)]
EIE00101859, [(1880, 65.0327868852459, 139.19672131147541), (1881, 61.12181303116147, 127.78753541076487), (1882, 49.23913043478261, 98.97826086956522), (1883, 65.11849710982659, 129.71098265895955), (1884, 72.27123287671233, 134.5136612021858), (1885, 63.85753424657534, 130.31506849315068), (1886, 66.25479452054795, 128.55616438356165), (1887, 65.73972602739725, 137.96712328767123), (1888, 67.7817679558011, 133.2258953168044), (1889, 72.71703296703296, 137.3543956043956)]
HR000142360, [(1881, 62.33698630136986, 139.58356164383562), (1882, 74.46849315068494, 159.6054794520548), (1883, 64.2904109589041, 143.77534246575343), (1884, 68.77595628415301, 149.39617486338798), (1885, 75.21917808219177, 156.75890410958905), (1886, 71.19658119658119, 149.2193732193732), (1887, 65.84383561643835, 146.3123287671233), (1888, 58.73497267759563, 139.34426229508196), (1889, 67.40547945205479, 138.34246575342465)]
RSM00029348, [(1887, 94.0, 247.0)]
UPM00033889, [(1887, 58.777472527472526, 186.91538461538462), (1888, 46.723287671232875, 192.6), (1889, 40.193251533742334, 143.70625)]
UPM00033976, [(1882, 101.21369863013699, 150.6), (1883, 48.14150943396226, 90.39150943396227), (1885, 101.17534246575343, 148.55890410958904)]
USC00012386, [(1889, 95.36363636363636, NULL)]
USC00034988, [(1883, 145.61290322580646, 247.7741935483871), (1884, 91.95879120879121, 208.98901098901098), (1885, 87.45429362880887, 206.4793388429752), (1886, -33.847457627118644, 64.83050847457628)]
USC00046115, [(1888, 175.22282608695653, 320.6358695652174), (1889, 145.0, 274.793427230047)]
USC00047738, [(1880, 109.67486338797814, 188.77322404371586), (1881, 117.14246575342466, 200.0027397260274), (1882, 115.23013698630137, 197.013698630137), (1883, 124.55068493150685, 205.0027397260274), (1884, 120.98087431693989, 200.827868852459), (1885, 129.3835616438356, 210.36986301369862), (1886, 125.16986301369863, 198.14520547945204), (1887, 123.27945205479452, 195.46027397260275), (1888, 131.82513661202185, 199.18032786885246), (1889, 127.40821917808219, 212.0109589041096)]
USC00173046, [(1886, -3.3360655737704916, 97.60655737704919), (1887, 11.791780821917808, 115.43013698630136), (1888, 13.254098360655737, 109.41256830601093), (1889, 34.3041095890411, 131.37534246575342)]
USC00191097, [(1884, -26.216666666666665, 59.56666666666667), (1885, 38.87227414330218, 133.72530864197532), (1886, 41.17906336088154, 132.97796143250687), (1887, 41.460055096418735, 132.12983425414365), (1888, 33.37640449438202, 120.958217270195), (1889, 52.11363636363637, 136.90027700831024)]
USC00195891, [(1886, -47.0, NULL), (1887, -47.5, 161.5)]
USC00198375, [(1884, -18.016393442622952, 82.1311475409836), (1885, 27.583561643835615, 149.87123287671233), (1886, 34.205479452054796, 150.4986301369863), (1887, 43.713467048710605, 155.0911680911681), (1888, 23.846575342465755, 138.82465753424657), (1889, 45.136986301369866, 154.26301369863015)]
USC00199731, [(1885, -32.814126394052046, 72.14179104477611), (1886, 21.972375690607734, 122.22714681440443), (1887, 16.177966101694917, 119.36723163841808), (1888, -13.395744680851063, 114.7827868852459)]
USC00200718, [(1888, -33.0, 72.0)]
USC00201744, [(1889, 63.459016393442624, 176.40983606557376)]
USC00205065, [(1888, 59.17934782608695, 130.55434782608697), (1889, 32.9041095890411, 104.93972602739726)]
USC00241008, [(1880, 72.0, 239.0)]
USC00263040, [(1888, -34.06666666666667, 117.6896551724138), (1889, 27.201117318435752, 179.22128851540617)]
USC00268761, [(1887, -60.645161290322584, 74.1923076923077), (1889, 82.96846846846847, 187.94117647058823)]
USC00270690, [(1886, 11.895238095238096, 162.5528846153846), (1887, -29.22099447513812, 123.35714285714286), (1888, -29.629834254143645, 104.12154696132596), (1889, 25.65568862275449, 146.64670658682635)]
USC00275712, [(1885, -10.945652173913043, 89.8913043478261), (1886, 21.852054794520548, 144.34520547945206), (1887, 19.70958904109589, 137.63835616438357), (1888, 17.16716417910448, 135.17611940298508), (1889, 35.8054794520548, 148.64931506849314)]
USC00287865, [(1880, 81.6311475409836, 127.06557377049181), (1881, 81.94246575342466, 157.34246575342465), (1882, 80.18082191780822, 149.3945205479452), (1883, 81.97032640949556, 155.57566765578636), (1884, 76.98907103825137, 152.55464480874318), (1885, 67.01369863013699, 147.92602739726027), (1886, 83.51497005988024, 141.5119760479042)]
USC00301207, [(1888, -72.57777777777778, 116.05405405405405)]
USC00319462, [(1880, 127.06284153005464, 228.24043715846994), (1881, 135.70958904109588, 224.36712328767123), (1882, 136.21917808219177, 221.1917808219178), (1883, 133.56986301369864, 225.17808219178082), (1884, 136.15027322404373, 229.79781420765028), (1885, 123.69589041095891, 220.62739726027397), (1886, 115.44109589041096, 221.86027397260273), (1887, 117.25205479452055, 219.88219178082193), (1888, 122.5, 217.54644808743168), (1889, 127.9013698630137, 216.013698630137)]
USC00343300, [(1880, 94.19398907103825, 219.29234972677597), (1881, 107.58630136986301, 231.2869318181818), (1882, 100.11538461538461, 224.8131868131868), (1883, 93.0702479338843, 223.34297520661158), (1884, 118.97282608695652, 250.34782608695653), (1885, 70.64931506849315, 215.25479452054793), (1886, 94.83561643835617, 227.3890410958904), (1887, 97.69315068493151, 227.2958904109589), (1888, 86.22527472527473, 216.1346153846154), (1889, 94.33424657534246, 220.5013698630137)]
USC00354670, [(1887, 30.09090909090909, 183.9878787878788), (1888, -12.547619047619047, 125.51968503937007)]
USC00413270, [(1880, 71.58677685950413, 215.95867768595042)]
USC00464897, [(1889, 108.3723849372385, 184.94979079497907)]
USW00024274, [(1880, 61.568306010928964, 148.97540983606558), (1881, 74.21917808219177, 158.7780821917808), (1882, 69.46301369863014, 162.013698630137), (1883, 69.30684931506849, 165.14794520547946), (1884, 64.58743169398907, 164.23224043715848), (1885, 73.43013698630136, 189.44657534246576), (1886, 70.46027397260274, 171.4931506849315), (1887, 65.4986301369863, 162.06849315068493), (1888, 69.7568306010929, 173.1120218579235), (1889, 71.93424657534247, 181.4931506849315)]
USW00053875, [(1880, 114.5846994535519, 207.75409836065575), (1881, 115.65205479452055, 211.85205479452054), (1882, 115.97534246575343, 208.42739726027398), (1883, 113.83287671232877, 214.16438356164383), (1884, 107.99180327868852, 208.3551912568306), (1885, 97.77260273972603, 197.06575342465754), (1886, 92.25205479452055, 199.3068493150685), (1887, 104.66027397260274, 215.75068493150684), (1888, 105.27049180327869, 211.54371584699453), (1889, 102.95616438356164, 213.33424657534246)]
USW00093820, [(1887, -11.491803278688524, 95.09836065573771), (1888, 69.40947075208913, 176.12707182320443), (1889, 84.11428571428571, 180.5742857142857)]
