AGE00147712, [(1886, NULL, 170.0), (1887, 79.375, 230.41129032258064), (1888, 106.9882697947214, 249.09117647058824), (1889, 91.06666666666666, 215.9455252918288)]
ASN00031010, [(1889, 228.9655172413793, 306.9032258064516)]
CA003031093, [(1881, -121.71641791044776, 17.029850746268657), (1882, -103.86324786324786, 38.504273504273506), (1884, -30.78804347826087, 104.21739130434783), (1885, -32.34550561797753, 121.79213483146067), (1886, -39.83835616438356, 106.61917808219178), (1887, -54.26575342465753, 81.44383561643835), (1888, -37.97540983606557, 91.42622950819673), (1889, -27.473972602739725, 123.40273972602739)]
CA003032680, [(1885, 40.857142857142854, 173.06349206349208), (1886, -73.32727272727273, 65.50909090909092)]
CA006085682, [(1887, -139.25806451612902, -36.774193548387096), (1888, -60.8671096345515, 91.4717607973422), (1889, -26.9811320754717, 109.08962264150944)]
CA006101658, [(1888, 17.536723163841806, 145.3370786516854), (1889, -10.964383561643835, 117.75616438356164)]
CA006106362, [(1880, -8.404371584699453, 114.76229508196721), (1881, 1.4945054945054945, 122.85989010989012), (1882, -5.529085872576177, 110.35180055401662), (1883, -23.26795580110497, 99.43093922651934), (1884, -17.724719101123597, 106.73033707865169), (1885, -18.18732782369146, 103.0633608815427), (1886, -6.237430167597766, 108.9047619047619), (1887, -14.443835616438356, 109.0415512465374), (1888, -92.5031055900621, 25.012422360248447)]
CA006149625, [(1880, 14.114754098360656, 130.18032786885246), (1881, 11.246575342465754, 133.74246575342465), (1882, 10.225274725274724, 126.48626373626374), (1883, -10.641456582633053, 109.27731092436974), (1884, 2.8961748633879782, 118.37978142076503), (1885, -7.964383561643835, 104.51506849315068), (1886, 4.526027397260274, 117.16712328767123), (1887, 5.472527472527473, 124.50824175824175), (1888, -1.6830601092896176, 114.36338797814207), (1889, 16.63186813186813, 126.34065934065934)]
CA006150243, [(1887, -6.315934065934066, 106.89010989010988), (1888, -18.060109289617486, 92.33333333333333), (1889, 1.1835616438356165, 106.47123287671234)]
CA008103100, [(1881, 50.29447852760736, 112.37423312883436), (1882, -90.08403361344538, -22.361344537815125)]
CA008104600, [(1880, 24.80952380952381, 104.05191256830601), (1881, 17.89041095890411, 102.13698630136986), (1882, 6.008219178082192, 98.35616438356165), (1883, -2.9945205479452053, 94.47671232876712), (1884, 3.978142076502732, 97.93715846994536), (1885, -0.0410958904109589, 97.22465753424657), (1886, 4.671232876712328, 105.6082191780822), (1887, 0.9424657534246575, 100.21369863013699), (1888, -0.1092896174863388, 92.62295081967213), (1889, 18.561643835616437, 113.88219178082191)]
CA008206490, [(1880, 21.87123287671233, 111.58904109589041), (1881, 27.804532577903682, 104.75428571428571), (1882, 22.569014084507042, 91.75071633237822), (1883, 16.506849315068493, 93.3972602739726), (1884, 26.10928961748634, 98.3415300546448), (1885, 25.517808219178082, 107.0864553314121), (1886, 18.29106628242075, 111.35795454545455), (1887, 19.087671232876712, 106.47945205479452), (1888, 22.661202185792348, 91.90163934426229), (1889, 42.11506849315069, 117.1972602739726)]
CA008401600, [(1880, 30.027322404371585, 63.46994535519126)]
EGE00147726, [(1884, 105.76438356164384, 247.4986301369863), (1885, 129.3013698630137, 252.0191780821918), (1886, 117.07945205479452, 246.60179640718562)]
EGE00147732, [(1884, 131.21311475409837, 267.0659340659341), (1885, 155.81643835616438, 272.23835616438356), (1886, 155.03296703296704, 269.69505494505495), (1887, 160.44383561643835, 278.4356164383562), (1888, 159.10382513661202, 274.672131147541), (1889, 157.96164383561643, 277.34520547945203)]
GM000002698, [(1880, 57.15573770491803, 142.3087431693989), (1881, 53.40821917808219, 137.7041095890411), (1882, 58.087671232876716, 137.28493150684932), (1883, 58.701369863013696, 136.61917808219178), (1884, 62.89890710382514, 146.99180327868854), (1885, 51.3041095890411, 138.43561643835616), (1886, 56.032876712328765, 144.46301369863014), (1887, 38.69315068493151, 128.96986301369864), (1888, 46.0792349726776, 126.95081967213115), (1889, 54.81369863013698, 128.91780821917808)]
ITE00100554, [(1880, 91.98087431693989, 175.07650273224044), (1881, 89.87945205479453, 172.1041095890411), (1882, 93.92876712328767, 176.9972602739726), (1883, 86.67945205479452, 166.51232876712328), (1884, 88.87158469945355, 173.54098360655738), (1885, 92.71232876712328, 170.70958904109588), (1886, 93.41369863013699, 173.64383561643837), (1887, 82.10958904109589, 165.1205479452055), (1888, 83.19945355191257, 166.2486338797814), (1889, 85.68767123287671, 168.3041095890411)]
UK000003026, [(1880, 54.516417910447764, 110.76785714285714), (1881, 40.90958904109589, 98.95342465753424), (1882, 51.1945205479452, 107.4423076923077), (1883, 49.3502994011976, 105.91044776119404), (1884, 50.994535519125684, 109.40710382513662), (1885, 41.23013698630137, 99.8958904109589), (1886, 39.298630136986304, 102.2), (1887, 45.64657534246575, 105.77260273972603), (1888, 43.05191256830601, 101.33060109289617), (1889, 50.75068493150685, 109.16712328767123)]
USC00035754, [(1884, 203.66417910447763, 299.2631578947368), (1885, 206.44871794871796, 315.716814159292), (1886, 182.11363636363637, 309.2134831460674), (1887, 181.53521126760563, 311.07042253521126), (1888, 185.86754966887418, 308.921568627451), (1889, 156.71354166666666, 270.130890052356)]
USC00053010, [(1880, -55.595628415300546, 127.71857923497268), (1881, -39.02465753424657, 124.25205479452055), (1882, -51.3013698630137, 133.97527472527472), (1883, -25.05263157894737, 130.8125)]
USC00064767, [(1880, 42.4207650273224, 156.2295081967213), (1881, 42.8027397260274, 153.1095890410959), (1882, 36.441095890410956, 147.33150684931508), (1883, 28.487671232876714, 145.51232876712328), (1884, 39.87431693989071, 150.3224043715847), (1885, 31.34246575342466, 148.68493150684932), (1886, 35.76438356164383, 148.3972602739726), (1887, 36.44931506849315, 148.23835616438356), (1888, 28.47814207650273, 137.224043715847), (1889, 53.52054794520548, 151.2821917808219)]
USC00092475, [(1886, -22.0, 289.0)]
USC00144559, [(1880, 48.94505494505494, 91.42857142857143), (1881, 88.07843137254902, -352.5211267605634)]
USC00192010, [(1885, 3.265625, NULL), (1886, -15.75414364640884, 4.387096774193548), (1887, 4.161184210526316, 112.52805280528052), (1888, 18.75414364640884, 128.95580110497238), (1889, 39.010989010989015, 144.87016574585635)]
USC00195145, [(1888, 134.79508196721312, 222.88333333333333), (1889, 97.40579710144928, 165.44174757281553)]
USC00197122, [(1889, 180.55737704918033, 244.49180327868854)]
USC00275072, [(1885, 62.70909090909091, 179.57818181818183), (1886, 37.77124183006536, 157.79738562091504), (1887, 19.231197771587745, 123.18994413407822), (1888, 15.942424242424243, 123.13432835820896), (1889, 28.701219512195124, 132.54954954954954)]
USC00276944, [(1887, -44.05434782608695, 60.76086956521739), (1888, -13.532786885245901, 112.32876712328768)]
USC00444876, [(1889, 91.79906542056075, 215.83177570093457)]
USW00013736, [(1880, 77.72131147540983, 171.68852459016392), (1881, 79.78356164383561, 174.2219178082192), (1882, 75.69589041095891, 166.1041095890411), (1883, -21.18888888888889, 77.52222222222223)]
USW00093725, [(1880, 82.8224043715847, 184.05191256830602), (1881, 75.76347305389221, 173.64071856287424), (1882, 82.1972602739726, 177.3068493150685), (1883, 74.31506849315069, 175.42465753424656), (1884, 81.10382513661202, 182.10382513661202), (1885, 55.46027397260274, 168.2931506849315), (1886, 71.98082191780821, 137.4794520547945), (1887, 79.30410958904109, 176.41095890410958), (1888, 73.0464480874317, 169.28415300546447), (1889, 83.17534246575343, 175.21369863013697)]
